16.8614 

15.3207 

18.3596 

17.1516 

15.5238 

18.4468 

19.2638 

17.0751 

17.2337 

18.2691 

23.2390 

18.5899 

15.3326 

19.6179 

17.6234 

21.1611 

18.7530 

16.1001 

20.2613 

16.4009 

19.1440 

18.9225 

18.0293 

18.5464 

14.2880 

18.8349 

19.1575 

16.9244 

17.8536 

18.5795 

19.4556 

20.2828 

16.4306 

17.9638 

19.5932 

19.7682 

15.8855 

14.1541 

18.0018 

17.9176 

15.6362 

16.2081 

18.4545 

18.0560 

19.2893 

18.5476 

19.7434 

21.3467 

16.4461 

15.0100 

16.7802 

17.5790 

20.4220 

18.7839 

17.8396 

18.6628 

18.5078 

16.5093 

20.2597 

19.4275 

15.7040 

16.1267 

19.1443 

16.3574 

19.2713 

15.8652 

12.7685 

19.3190 

18.1344 

18.1256 

19.5821 

14.8258 

13.9879 

17.1934 

19.8568 

15.8558 

17.4968 

17.0805 

16.8766 

17.7612 

16.3344 

14.3291 

18.4159 

19.8383 

20.5930 

19.2035 

14.3320 

19.5337 

16.5081 

17.5238 

15.8091 

15.9606 

15.7712 

15.1257 

18.4659 

19.0098 

21.7851 

18.5267 

20.4475 

17.3196 

21.4164 

17.3149 

15.5944 

19.5447 

20.0435 

16.3839 

22.6080 

20.4450 

16.7811 

19.2852 

17.8531 

17.4629 

19.6042 

19.5695 

20.0563 

16.2369 

21.2336 

16.4383 

17.7973 

17.3053 

15.9100 

21.0311 

16.8778 

19.7166 

20.0368 

15.0368 

19.4915 

17.7373 

19.5122 

18.7144 

19.1714 

16.9619 

18.7083 

18.2728 

15.5469 

17.6755 

16.4556 

16.1561 

18.0012 

19.7383 

16.2866 

16.6054 

15.5010 

17.1079 

21.5589 

20.4987 

18.7708 

19.8910 

16.2269 

17.6120 

16.2760 

18.3483 

18.7768 

18.4179 

17.6339 

17.0024 

18.4273 

18.6021 

21.9985 

16.8325 

14.6607 

19.6452 

18.9204 

21.2923 

18.4217 

17.7495 

19.0128 

18.2057 

21.9035 

19.6968 

19.0970 

16.6414 

17.1409 

16.3756 

21.5376 

15.4314 

18.7430 

17.8486 

19.0657 

16.9351 

19.1354 

16.9247 

19.8384 

16.3846 

18.5433 

18.8215 

18.7363 

21.3494 

18.0010 

16.1642 

19.2031 

15.1974 

17.9688 

19.4218 

16.9059 

17.6829 

18.8881 

20.8090 

18.2641 

17.1445 

18.8991 

12.6079 

15.1513 

15.9816 

16.7401 

16.6123 

17.9311 

15.0751 

17.2765 

16.2929 

18.0544 

16.7200 

19.9014 

16.5762 

15.1765 

22.3358 

18.1742 

19.1085 

14.1170 

18.4977 

18.8206 

15.4149 

17.7870 

17.9478 

16.7844 

16.1788 

18.0800 

15.7040 

20.4022 

18.4792 

17.5742 

17.3403 

18.6904 

17.3091 

17.3866 

22.5749 

16.9707 

15.0850 

20.8197 

18.8368 

15.9454 

14.0817 

16.9058 

13.6672 

16.8358 

16.9648 

16.5374 

17.6421 

17.3084 

18.5366 

14.9766 

18.4143 

16.6921 

15.6652 

17.6546 

17.5246 

17.6979 

17.7854 

17.2498 

20.1824 

19.2566 

17.8238 

17.5161 

16.5763 

21.4404 

16.1567 

19.0038 

15.5490 

17.0146 

16.7922 

19.1971 

21.3421 

15.7368 

17.0837 

16.5432 

14.5364 

15.4788 

14.7008 

16.3323 

22.3362 

19.5195 

22.7262 

18.7132 

13.7187 

18.3012 

17.7826 

18.8902 

17.5988 

19.9654 

16.8479 

18.9731 

22.1433 

20.6828 

18.7728 

18.6383 

16.6285 

17.3357 

13.6563 

18.8794 

19.4619 

20.7718 

18.2754 

13.8661 

17.0995 

21.5573 

16.4022 

18.5589 

20.3122 

17.7583 

17.8811 

17.4480 

19.1188 

12.4910 

21.3091 

20.9796 

15.8933 

21.3244 

15.8358 

20.2653 

16.2324 

14.9463 

17.0844 

17.4770 

18.1162 

14.6970 

15.6504 

20.0400 

17.5065 

20.6961 

17.8908 

17.6557 

18.6618 

18.6966 

21.7356 

19.2103 

18.2669 

20.2002 

17.8363 

17.5574 

18.8968 

21.4430 

19.4447 

16.5904 

15.1576 

19.1615 

20.1090 

16.4525 

19.1769 

17.0874 

16.6497 

17.7522 

15.8458 

16.9126 

19.7141 

18.9380 

18.9868 

20.0556 

16.9691 

20.0006 

15.7434 

18.8003 

18.4050 

20.3329 

20.3831 

18.9543 

17.8410 

16.8645 

16.8019 

16.9632 

19.0341 

18.7619 

19.1458 

18.4442 

16.6072 

18.8823 

14.8278 

16.2341 

17.3638 

19.9921 

15.9673 

20.1267 

20.4508 

19.6704 

18.9795 

20.7177 

18.9841 

16.5313 

17.7923 

17.7671 

20.6867 

14.8026 

16.8722 

17.3517 

19.5017 

17.8246 

18.2035 

16.4486 

19.2850 

20.1098 

21.2928 

19.4802 

14.2544 

20.8090 

17.6191 

15.5341 

18.5358 

18.4933 

19.5689 

18.8206 

16.5648 

17.2768 

19.6950 

19.6943 

21.0998 

18.3009 

15.4594 

19.6570 

17.7891 

16.3037 

17.7244 

18.2583 

19.5155 

20.3648 

16.9061 

18.3271 

16.7783 

15.9006 

17.4154 

16.5007 

20.1812 

17.6262 

16.7642 

19.9016 

16.3376 

15.4427 

21.2388 

16.4375 

23.1245 

18.2235 

15.2921 

16.6932 

18.7252 

18.0032 

18.7023 

16.7401 

17.9815 

16.0430 

20.2804 

16.0078 

16.2659 

15.6734 

20.8767 

20.0597 

19.4135 

16.5674 

16.1369 

14.7259 

19.4827 

17.2793 

15.9178 

16.4347 

21.2898 

18.8757 

16.6297 

15.9560 

18.4848 

16.6877 

15.3637 

17.3381 

21.4000 

17.3650 

17.7921 

18.0633 

21.2207 

18.9670 

16.2479 

21.3745 

17.5920 

12.1873 

21.5070 

16.2734 

17.7697 

17.0742 

17.0738 

15.0691 

16.4248 

18.7410 

15.6225 

18.3147 

18.3118 

15.4271 

20.2919 

19.1475 

17.8096 

17.9318 

22.3617 

18.8464 

18.4775 

12.6773 

18.7895 

15.5173 

19.0925 

21.3465 

18.7112 

20.5821 

15.8953 

17.9472 

18.6210 

19.4203 

17.2176 

20.5791 

17.1282 

19.3644 

17.6005 

16.1132 

17.8637 

19.2277 

17.7413 

20.1699 

16.6761 

19.6377 

21.3921 

16.1164 

18.7874 

19.3447 

19.0648 

15.9412 

19.8974 

19.4552 

16.6035 

13.7591 

19.8311 

16.2652 

14.9767 

18.2326 

15.9786 

20.1304 

21.4211 

17.7078 

19.7037 

19.2728 

20.9842 

17.4189 

18.4477 

21.9057 

22.9140 

18.2166 

20.6860 

17.0841 

13.4698 

16.3558 

18.7302 

19.7786 

16.8599 

19.8964 

18.2330 

20.6321 

17.2078 

18.1829 

20.4873 

20.9617 

15.8286 

17.1312 

19.8897 

23.0566 

18.1669 

17.9251 

18.4057 

19.4054 

17.2299 

19.9864 

15.7631 

18.0226 

17.5992 

18.3252 

19.4366 

17.3691 

19.2960 

16.4738 

18.7291 

18.5664 

18.6599 

18.1710 

21.6606 

20.7789 

21.4742 

18.2163 

17.5541 

16.1373 

16.9433 

14.2429 

18.7996 

16.0657 

19.0602 

21.8191 

18.5491 

17.5977 

19.5496 

19.6916 

17.3596 

20.6985 

17.1640 

15.3923 

17.3758 

18.1357 

16.1601 

17.7477 

18.8665 

18.9180 

18.5203 

18.4700 

19.4628 

19.9186 

16.2270 

18.7152 

19.0284 

16.8249 

19.1138 

16.9866 

15.9364 

19.7575 

15.6759 

17.9942 

18.2412 

15.4798 

21.3209 

17.5803 

21.8783 

18.6963 

17.4265 

19.1488 

15.8661 

19.0367 

18.0417 

18.8860 

18.1881 

20.5103 

15.3907 

14.0956 

20.3118 

16.4913 

21.5075 

18.3457 

15.5491 

15.4859 

14.5640 

17.6977 

15.4774 

21.1664 

17.4870 

17.6341 

17.6691 

14.8471 

19.6471 

15.8031 

16.3778 

13.8361 

15.5538 

16.4931 

18.7452 

18.1769 

15.5499 

18.9716 

17.9191 

17.0910 

15.4279 

18.0748 

14.3201 

18.2572 

22.7024 

18.1309 

23.5174 

18.0350 

14.7659 

20.3409 

20.2606 

17.8206 

14.8853 

16.1156 

18.8490 

14.0360 

19.5208 

17.5166 

15.1696 

15.8282 

18.9122 

19.0017 

15.5318 

18.5265 

21.4109 

18.2887 

15.9874 

14.5883 

19.2238 

19.1199 

20.2191 

16.8957 

14.1396 

18.5351 

19.1752 

16.4689 

17.2891 

16.4365 

20.2882 

21.4392 

19.8432 

20.1745 

17.9031 

17.3422 

20.4658 

21.4991 

17.1484 

15.4599 

16.4684 

18.5247 

19.9511 

15.3996 

20.8428 

20.2578 

18.2763 

18.5026 

20.4444 

19.8335 

19.7227 

16.8620 

15.3212 

20.2274 

20.1077 

16.7281 

15.3418 

18.8746 

19.0409 

21.5645 

15.9460 

17.6016 

19.3225 

16.8292 

15.9051 

17.3609 

18.2469 

18.2156 

18.2611 

18.2136 

19.9287 

16.8237 

17.6799 

17.9578 

18.5264 

17.6828 

18.8766 

18.0710 

20.2640 

18.8414 

19.7286 

17.4504 

17.3489 

17.8638 

17.2623 

17.3213 

19.9773 

17.5938 

21.5310 

18.6832 

17.9626 

17.6584 

16.9594 

21.4500 

17.8075 

19.4785 

22.6265 

20.4493 

15.3132 

20.2478 

14.7756 

16.1032 

16.9269 

19.3753 

18.2057 

17.6440 

19.3975 

16.8429 

16.7302 

15.1205 

15.7302 

20.1732 

18.0176 

10.3974 

16.2575 

21.2466 

17.5801 

17.1500 

13.9362 

19.5068 

17.1988 

18.0554 

13.2248 

16.5461 

17.6056 

17.6051 

17.7078 

18.2363 

19.6242 

16.9050 

18.9269 

17.7073 

16.4186 

19.1267 

18.4707 

18.4830 

16.3145 

14.2672 

21.1118 

19.0534 

18.2042 

17.5811 

22.1420 

19.4778 

18.0292 

18.6578 

16.5387 

15.7709 

17.1978 

19.2937 

17.7199 

15.7002 

16.8086 

17.4959 

20.1717 

18.4247 

19.0228 

20.6110 

16.7871 

15.2624 

11.2299 

17.3973 

15.1656 

15.1703 

15.8136 

17.6066 

17.9058 

19.3421 

16.1529 

20.3087 

15.7715 

18.1230 

18.9321 

18.9367 

14.6630 

17.5653 

18.3899 

13.6495 

18.3349 

18.0000 

18.0211 

19.4266 

18.3965 

15.8370 

17.1796 

14.2701 

17.1421 

17.2583 

17.3011 

16.0371 

19.1792 

21.2102 

14.8411 

14.7977 

20.8142 

17.9987 

15.9021 

18.7804 

19.4555 

20.3549 

16.0242 

17.4340 

18.2247 

18.7900 

18.3312 

19.9457 

18.0204 

14.9068 

21.1735 

21.8267 

18.8379 

21.4331 

22.8668 

20.5086 

15.6257 

17.3135 

13.8776 

18.3527 

17.5156 

19.0707 

18.6532 

22.4299 

20.6283 

17.8879 

19.3775 

17.0754 

17.8462 

16.8030 

20.1757 

14.3196 

15.5466 

16.6402 

19.6802 

17.4143 

17.7582 

19.4709 

16.9011 

15.5393 

17.3433 

13.9591 

13.9692 

17.8033 

14.4885 

18.9548 

18.9454 

17.2046 

20.3590 

15.5183 

21.3463 

17.4329 

15.1396 

17.8483 

19.5671 

19.8484 

15.8458 

18.8294 

15.1170 

17.1857 

16.0294 

15.6197 

19.3070 

19.3574 

17.3647 

16.1293 

20.0312 

18.7991 

18.3488 

16.0291 

16.3535 

14.5777 

16.5358 

17.2000 

16.5869 

20.2026 

17.5044 

16.7420 

18.5817 

14.7314 

17.8841 

18.2677 

16.8176 

18.3129 

22.2363 

15.5987 

19.0224 

18.5367 

17.7354 

17.6659 

17.8320 

20.0103 

13.6641 

16.0166 

18.9701 

19.8132 

17.5047 

17.2391 

18.9956 

18.4468 

15.4031 

16.4542 

19.9404 

20.8386 

18.5725 

18.8382 

18.9266 

22.0161 

16.2940 

21.5230 

19.3413 

18.9166 

17.6040 

18.0764 

18.8500 

14.8676 

17.0740 

20.0085 

20.2572 

19.4472 

19.2459 

17.0814 

17.7622 

19.8582 

19.0977 

17.4956 

16.4679 

17.5304 

17.8329 

17.5097 

19.7967 

19.2731 

19.1772 

20.4109 

17.7116 

17.9973 

17.8413 

18.5308 

22.3712 

15.1055 

15.7357 

19.8449 

18.9289 

16.5377 

19.2592 

19.9388 

17.1807 

18.1273 

14.3564 

20.7622 

19.6229 

17.6566 

19.1976 

17.2676 

16.8687 

15.5818 

18.3939 

16.0150 

19.1592 

18.0354 

18.5480 

20.0288 

18.7919 

19.6290 

15.1710 

15.8138 

18.7819 

14.6984 

19.7847 

18.9631 

20.9056 

19.4601 

12.8980 

17.6551 

16.8171 

15.8520 

21.3449 

19.1244 

20.5785 

16.1855 

18.7522 

17.7676 

19.9199 

20.6962 

19.2175 

17.0233 

13.0775 

17.3781 

18.8151 

16.8724 

18.9169 

15.9049 

19.6388 

19.8977 

19.2558 

17.3728 

19.5377 

14.8832 

13.2044 

18.9793 

17.7735 

16.4094 

16.0986 

19.3169 

18.8315 

17.6737 

18.2711 

16.4598 

15.1400 

12.2163 

19.3422 

15.5060 

20.9354 

17.8998 

14.4920 

14.7791 

20.4568 

13.8394 

20.8650 

16.8127 

17.5403 

18.6671 

19.0061 

19.9050 

19.1791 

17.1067 

17.1014 

15.9462 

17.0073 

15.5321 

17.9927 

17.0521 

18.1564 

18.8843 

19.8453 

13.5559 

14.1912 

16.9005 

18.4011 

16.2523 

20.4641 

15.6644 

20.4567 

17.8772 

18.7804 

16.9036 

19.4120 

16.9547 

15.8995 

19.2138 

16.0033 

20.5285 

19.8024 

18.7602 

22.1826 

16.8133 

18.4166 

15.6347 

13.6207 

16.5679 

15.1304 

18.2084 

20.9294 

17.4377 

20.3264 

14.5770 

20.3018 

16.5529 

20.5674 

16.0124 

14.6494 

19.7697 

22.7731 

20.0106 

17.0482 

20.6250 

15.6137 

23.0688 

16.3790 

16.5550 

21.1181 

19.2895 

14.9789 

17.7703 

17.6047 

18.0852 

18.8562 

17.9225 

17.7672 

18.0820 

17.5591 

17.3879 

22.5854 

21.0467 

22.2402 

18.6228 

15.6251 

17.7449 

20.7975 

17.2747 

13.1598 

17.2650 

16.0222 

15.9939 

18.8908 

15.3157 

18.9389 

13.9447 

17.3102 

18.0855 

17.4289 

20.4893 

17.0531 

17.2965 

16.3082 

18.4563 

15.9982 

13.7654 

16.4709 

17.4660 

19.8686 

15.9930 

18.6165 

19.3512 

15.3023 

15.9970 

19.0424 

17.0279 

18.0073 

18.1492 

16.3398 

19.0701 

16.1171 

19.3552 

16.3722 

18.2880 

20.5047 

19.2266 

17.5541 

19.8381 

16.8158 

18.2262 

17.9150 

18.6359 

19.7060 

20.0127 

21.2687 

16.1574 

18.2731 

14.6820 

17.6622 

14.3389 

19.2801 

18.9510 

16.7954 

20.0888 

17.3112 

21.3118 

18.0767 

18.4938 

14.9117 

16.2498 

14.6282 

17.2558 

18.6002 

15.8558 

18.5708 

15.0796 

18.5003 

19.7988 

17.4570 

14.4889 

17.9497 

18.5336 

22.0017 

18.4998 

19.2412 

17.7732 

20.1124 

19.9048 

18.6413 

17.5351 

15.9694 

19.4057 

18.0552 

14.2916 

19.7083 

14.0949 

17.4961 

16.2175 

18.8976 

17.7792 

18.6627 

21.1598 

20.4697 

21.1323 

18.2523 

14.3585 

18.6635 

16.0571 

19.3781 

15.6372 

17.2764 

16.7807 

16.2081 

18.2025 

18.5532 

20.9386 

19.2291 

18.8942 

18.3350 

17.1318 

15.6760 

19.2327 

21.1888 

17.3525 

15.2183 

21.0605 

19.9772 

15.3140 

17.1438 

18.4217 

16.6711 

13.9821 

16.9516 

19.3186 

16.4986 

20.9551 

18.9246 

16.2952 

17.3451 

14.6714 

18.4260 

18.8550 

13.7819 

19.8102 

20.1369 

21.4064 

16.3697 

19.9507 

18.5297 

16.9943 

19.1846 

17.1255 

19.3831 

19.3826 

20.7509 

21.9222 

16.6008 

13.5979 

20.6719 

15.6264 

20.0964 

17.8818 

19.3138 

15.8067 

19.0424 

18.1761 

19.1496 

17.7930 

18.3056 

19.0680 

15.8472 

19.5764 

17.9135 

16.0802 

19.8675 

17.1836 

18.8014 

13.6581 

21.1620 

17.7308 

18.9509 

17.6891 

15.6520 

19.3361 

17.4355 

19.7883 

18.1826 

18.9362 

19.4134 

19.2711 

18.5004 

20.1961 

15.9481 

15.9223 

17.1777 

16.6806 

15.8231 

20.9550 

14.8569 

18.9131 

18.3816 

21.1102 

16.9491 

15.5180 

14.9624 

19.7287 

19.2549 

17.8743 

18.7547 

18.2262 

15.9601 

14.8022 

17.1191 

16.0364 

19.9555 

17.2634 

18.1794 

17.4463 

17.3174 

15.7356 

18.6661 

16.4552 

19.3998 

15.5086 

20.3947 

21.4449 

15.7288 

17.8609 

18.1416 

19.7103 

17.6487 

18.4297 

18.2594 

17.5256 

18.8291 

22.3636 

16.8220 

17.0925 

17.4440 

16.7735 

16.0034 

17.8126 

17.0994 

20.3502 

19.1225 

19.8717 

16.6140 

17.6727 

18.9821 

21.7308 

20.7301 

20.3736 

16.7566 

15.6288 

17.6813 

18.9780 

15.9521 

16.8391 

15.8833 

20.0750 

19.3712 

17.4818 

18.5035 

14.1166 

18.9640 

19.2834 

15.7698 

16.2511 

16.4590 

19.8197 

16.6808 

14.3638 

15.0432 

21.3427 

18.8589 

19.8137 

17.4185 

16.8604 

22.0518 

16.4565 

17.9328 

15.9630 

17.7303 

17.8919 

15.6265 

18.4026 

20.2304 

16.7620 

17.2527 

18.7804 

13.4685 

18.4848 

17.2209 

16.0127 

17.9673 

18.4397 

14.2255 

17.2423 

16.7059 

18.9066 

19.8648 

17.3674 

19.0545 

17.3052 

20.0477 

19.2865 

17.5824 

16.1826 

15.8850 

15.9671 

12.8818 

18.3169 

15.3504 

20.0734 

16.4842 

18.2194 

17.1697 

20.7527 

17.4303 

16.3983 

21.6518 

18.9523 

21.2261 

16.1663 

19.1109 

17.7958 

18.1771 

19.3149 

14.6254 

17.5791 

18.3327 

17.0450 

19.8814 

19.3168 

17.0949 

19.8859 

22.8477 

18.0895 

18.1899 

16.9151 

15.6161 

18.1011 

21.6836 

20.5786 

17.3052 

17.4618 

20.5434 

18.4035 

16.2631 

19.9797 

23.1355 

20.9591 

19.4563 

18.3294 

18.1940 

18.0786 

16.9282 

14.6503 

17.5671 

20.7942 

20.9310 

19.7280 

17.2921 

19.6753 

15.0727 

19.6801 

17.9867 

20.8925 

21.0905 

17.8303 

15.6180 

15.5502 

19.7929 

16.2232 

14.0277 

19.9588 

14.6406 

16.7807 

17.5104 

21.4320 

15.7081 

19.6215 

16.9573 

18.7020 

15.5124 

17.6282 

18.9488 

18.8980 

12.7412 

20.9472 

19.1558 

17.7514 

16.9447 

16.8611 

17.8809 

17.4509 

16.8557 

17.2128 

19.3453 

19.1549 

20.3622 

13.3132 

19.5027 

16.8446 

14.4861 

17.4305 

19.5156 

18.2562 

18.7695 

18.6039 

17.5833 

13.5503 

16.0708 

18.1090 

16.9188 

20.5133 

15.5933 

14.9606 

16.3424 

19.3289 

18.5128 

18.5747 

19.9567 

14.6130 

19.0021 

14.9297 

17.6188 

20.7762 

15.5512 

16.9616 

19.7017 

16.1456 

18.1910 

18.5859 

18.3769 

17.9971 

19.5838 

17.5023 

19.4617 

17.2065 

22.2472 

17.7181 

18.9928 

17.7459 

20.4503 

19.7323 

17.7881 

19.6963 

18.7501 

19.1938 

14.9060 

20.1583 

20.7399 

17.3485 

18.6009 

14.7094 

18.1769 

17.8988 

17.4970 

20.0595 

18.6836 

16.2706 

18.3974 

18.8906 

17.7425 

19.1746 

18.1222 

17.2290 

13.7769 

17.9904 

22.1563 

15.5410 

17.8829 

19.2078 

17.6739 

14.9741 

14.5340 

16.9556 

17.3336 

18.8817 

18.1997 

18.9167 

15.5410 

18.6724 

18.5431 

18.5557 

20.5697 

15.0167 

16.4068 

20.0172 

18.0528 

20.7355 

17.8691 

19.0884 

18.6107 

17.2227 

17.7549 

17.5582 

18.8875 

18.9262 

21.8236 

15.1936 

17.1358 

19.1961 

19.3947 

18.3824 

18.2544 

19.7502 

18.4456 

16.6039 

16.9682 

15.7170 

17.7263 

18.2746 

18.7011 

14.2007 

15.8719 

15.8731 

16.1558 

20.9445 

17.9907 

15.8243 

16.6041 

21.5599 

17.0785 

19.0447 

20.7967 

19.7541 

16.3930 

20.9062 

20.1654 

17.6482 

14.4267 

17.9136 

20.1569 

19.4404 

22.1969 

16.4513 

16.7833 

18.8690 

15.7578 

19.7757 

21.5275 

18.1859 

15.5312 

18.1814 

19.6725 

20.6098 

17.1925 

18.6508 

17.3420 

18.4171 

16.6929 

19.8356 

18.9755 

20.8957 

19.8228 

18.7042 

14.4697 

21.8516 

18.9136 

18.8772 

17.1877 

19.4722 

18.2262 

16.2970 

21.6060 

18.5433 

18.7275 

16.2553 

20.4218 

18.0492 

18.4151 

17.0160 

16.4402 

17.0619 

17.5820 

17.8488 

18.5885 

16.1517 

20.1944 

15.8494 

20.5406 

17.4098 

20.0008 

17.6872 

21.9330 

15.9743 

18.8123 

16.0290 

18.6771 

21.8601 

17.3716 

19.9870 

18.8862 

17.5165 

21.6316 

15.6633 

18.0590 

21.4130 

14.9656 

20.0291 

18.6539 

18.3852 

17.7314 

18.9472 

19.4159 

18.6706 

14.4570 

16.0802 

16.6046 

14.9130 

17.1713 

18.3917 

17.3451 

14.7586 

17.1811 

21.1509 

17.9131 

17.8112 

17.6794 

17.2995 

17.7230 

19.7326 

19.0245 

19.6383 

20.0812 

22.4103 

18.2511 

14.9860 

16.9707 

21.5514 

18.3482 

17.7187 

20.4945 

15.8903 

20.6550 

19.7773 

18.3488 

14.9952 

19.1605 

18.1384 

19.4783 

18.2297 

15.6207 

18.0301 

15.2861 

17.5173 

18.2170 

13.4984 

14.5045 

17.8094 

18.3459 

21.3652 

16.4457 

18.9503 

18.6043 

18.7505 

18.9649 

16.5210 

18.1105 

16.3886 

19.6096 

16.3750 

15.1665 

17.9212 

13.2002 

17.2670 

17.7951 

21.8614 

12.9230 

17.2877 

21.2590 

19.1258 

17.5159 

17.0879 

14.5366 

16.8914 

22.0288 

16.8094 

15.3610 

13.5615 

16.9528 

19.6883 

15.8067 

18.1117 

18.5681 

17.9382 

17.4789 

17.8778 

21.3455 

17.3773 

18.5148 

17.0243 

18.3320 

15.9848 

19.4954 

17.4712 

22.3650 

18.3749 

19.8518 

17.6305 

17.4594 

15.9000 

22.1625 

13.5307 

16.2446 

19.6787 

18.1521 

21.7948 

14.1736 

17.2128 

19.0143 

16.2192 

17.5508 

17.9451 

17.7391 

19.1580 

17.6942 

14.9123 

18.2417 

17.1268 

15.6059 

18.1279 

13.6994 

18.5814 

20.1827 

16.6225 

14.5155 

13.6479 

21.2091 

22.7092 

15.0788 

16.8159 

18.0881 

16.3721 

19.2320 

18.7396 

16.4208 

18.1898 

18.8847 

17.8475 

16.9118 

15.8392 

21.2053 

17.4529 

15.4360 

17.2191 

17.9404 

20.5676 

19.0410 

17.7498 

22.1115 

14.4142 

12.5253 

16.9374 

21.5082 

17.0084 

18.8291 

16.5485 

19.4820 

16.7968 

21.9972 

18.9508 

19.0342 

19.1917 

19.2807 

18.2149 

19.8985 

23.0402 

20.7853 

19.3912 

17.3788 

20.4965 

16.0832 

20.5565 

15.0303 

18.7491 

19.3641 

19.0012 

18.0601 

18.7181 

15.7765 

18.0923 

17.5317 

19.1456 

16.2367 

20.5855 

20.4437 

17.0315 

18.6368 

17.6353 

19.6070 

17.1890 

18.6153 

17.9938 

18.6934 

19.4678 

14.7811 

19.6589 

19.6322 

19.6481 

18.6257 

17.0347 

12.4029 

19.2984 

20.6958 

17.3992 

18.2203 

17.9769 

20.7715 

18.3496 

19.6487 

19.8846 

16.7365 

15.5426 

18.5549 

17.5507 

21.2152 

20.3940 

17.1974 

18.1749 

17.6670 

19.8623 

17.0607 

18.7689 

17.3760 

19.2865 

16.5745 

16.4419 

20.3141 

15.3928 

18.6224 

18.8758 

17.9100 

19.3674 

18.9864 

21.4997 

19.2593 

21.1262 

17.7112 

20.8516 

21.2494 

18.7102 

17.1511 

16.9756 

17.1649 

19.3135 

19.8686 

18.9854 

19.0623 

15.6371 

15.4526 

19.8196 

17.2687 

20.3974 

17.3745 

18.1454 

16.2685 

20.2277 

18.4993 

18.7920 

15.8539 

17.2699 

14.4115 

20.8799 

16.4070 

16.1085 

14.9293 

14.7960 

19.3875 

19.9502 

17.2821 

18.5430 

17.2146 

19.1818 

17.4626 

16.8628 

18.5307 

18.5937 

21.1885 

17.4396 

19.5637 

20.4539 

20.5795 

