14.9907 

18.5027 

17.4430 

20.1179 

20.4681 

18.0841 

20.3594 

18.9854 

15.1613 

19.4529 

22.7035 

18.9804 

16.1789 

20.5424 

16.4096 

17.0089 

20.3299 

16.6420 

17.3012 

17.9830 

19.1601 

19.5663 

19.9917 

20.7712 

15.2285 

16.5610 

20.6313 

18.5511 

14.0507 

18.7088 

19.2744 

22.0431 

18.6620 

17.3561 

17.6448 

22.2294 

18.7756 

14.5472 

16.7682 

16.1711 

14.3298 

20.1067 

15.7163 

14.8684 

20.3592 

17.4959 

15.9037 

14.3780 

16.4300 

19.1854 

18.1213 

17.1625 

19.9804 

17.0385 

23.1138 

18.9530 

17.6030 

15.7193 

19.1407 

13.3277 

21.0383 

16.8223 

19.1475 

16.9465 

18.3956 

18.5787 

16.8609 

16.7915 

18.4904 

20.8355 

17.0105 

19.5077 

18.9728 

15.3954 

20.3226 

20.0149 

16.2441 

21.0910 

18.7194 

15.0872 

20.5970 

16.1908 

17.6096 

16.5373 

19.0895 

14.0138 

15.7322 

19.6517 

18.6615 

13.8705 

17.2928 

17.8604 

19.1694 

16.1660 

20.5616 

21.5628 

20.1253 

17.9357 

18.6314 

19.5111 

15.0628 

17.0564 

16.6805 

13.5651 

19.3369 

19.1114 

20.2837 

17.2636 

16.5285 

19.5038 

18.4377 

16.6940 

15.7641 

15.8263 

21.3934 

20.6869 

18.7474 

15.7417 

18.3273 

21.6090 

19.6328 

14.4104 

16.9401 

16.3057 

17.6964 

15.4843 

19.1331 

21.2231 

21.3818 

14.5232 

17.9921 

19.4182 

19.2366 

16.4652 

16.1503 

17.5509 

17.6223 

16.7578 

16.0212 

15.7909 

18.3545 

20.5084 

16.8099 

15.9229 

16.5705 

16.6631 

18.8054 

19.6135 

20.1572 

16.0923 

15.5642 

22.1771 

17.7983 

14.5501 

19.7794 

19.3127 

18.9610 

18.1151 

18.0950 

22.7833 

20.1520 

16.9502 

19.1053 

18.3483 

15.2873 

18.4016 

18.3527 

22.5793 

16.9935 

16.4857 

19.5648 

19.8929 

16.5551 

14.7203 

15.9002 

20.4259 

18.9690 

18.5367 

13.1955 

18.6481 

17.1376 

15.4958 

19.3042 

17.6500 

17.4181 

18.7035 

19.3367 

15.8943 

16.1951 

17.5842 

16.8605 

19.5032 

19.2447 

17.1165 

17.8300 

19.2177 

20.5520 

17.4144 

15.2350 

18.2083 

19.5928 

17.9259 

15.0674 

20.1645 

14.9038 

17.6690 

19.7153 

20.1956 

18.1274 

18.1978 

16.6549 

15.6639 

19.0242 

20.2420 

18.0085 

19.4616 

17.1702 

17.6506 

19.1138 

19.9742 

20.8414 

18.9877 

18.5078 

16.0904 

16.3328 

17.3234 

16.7212 

17.0921 

17.7641 

17.9023 

17.0865 

17.4522 

16.9267 

16.0650 

18.4866 

18.2257 

20.3170 

13.6802 

18.6290 

17.0257 

19.5765 

14.8663 

18.8242 

18.5165 

17.7447 

17.2331 

18.6270 

18.1062 

15.8040 

23.7774 

19.2677 

20.3093 

20.8132 

12.9497 

14.3875 

16.3112 

