18.6511 

18.0779 

17.2627 

19.6661 

15.9949 

15.9744 

17.4637 

15.2669 

20.0663 

16.5341 

16.1577 

19.5708 

21.6472 

18.7447 

20.8605 

18.5488 

21.5290 

15.4814 

15.4595 

20.7466 

20.2272 

18.2885 

14.1835 

21.1131 

18.3952 

19.5308 

17.1066 

17.1708 

20.6644 

22.0334 

19.7242 

17.3989 

20.1876 

18.4060 

21.1671 

17.8520 

18.7645 

18.1334 

19.2979 

17.1612 

19.6044 

19.7427 

16.2325 

18.0684 

16.2426 

17.8081 

19.1890 

17.7597 

19.3628 

18.2201 

14.9042 

17.8857 

16.8082 

16.4632 

13.9530 

21.8269 

17.7071 

15.4894 

19.4162 

16.3172 

16.9267 

19.6652 

17.1524 

17.6535 

15.9257 

16.6389 

19.8324 

19.5777 

15.8635 

12.6826 

21.0464 

18.3370 

19.4265 

18.2005 

15.6781 

17.3470 

19.5079 

18.4308 

15.4843 

18.8431 

17.2270 

17.2346 

16.6763 

17.5444 

15.3690 

17.4432 

21.1908 

15.2006 

19.4740 

19.1444 

18.0020 

19.2527 

18.4619 

19.0024 

18.6258 

19.3170 

17.7683 

17.2974 

17.0608 

16.3527 

17.1860 

18.4947 

19.8864 

16.5035 

17.1021 

15.6957 

20.3767 

17.0969 

18.1288 

17.4974 

19.4199 

16.6118 

16.9315 

20.8119 

18.5003 

18.0908 

17.9930 

20.0304 

16.5891 

17.6645 

17.1224 

20.9478 

19.6028 

18.0372 

17.8638 

14.5978 

17.7696 

18.0092 

18.9602 

14.9483 

20.4215 

15.6238 

16.3469 

19.7802 

17.6584 

20.3673 

18.3753 

21.0709 

21.0442 

17.2206 

19.3619 

20.4690 

17.0829 

15.3247 

20.9593 

20.4963 

14.5324 

14.2271 

13.9256 

19.2186 

18.5671 

15.7050 

16.8446 

14.5963 

17.5641 

20.4281 

18.3724 

19.2932 

19.4608 

19.2910 

14.0357 

15.2359 

19.6868 

16.2730 

18.1379 

15.9470 

14.8571 

18.7055 

17.7362 

19.8698 

18.0655 

14.4875 

13.2674 

17.8866 

19.8437 

16.5300 

21.2583 

18.7353 

15.5733 

19.5647 

19.3193 

17.4377 

17.0743 

17.5906 

18.2960 

20.4093 

22.1510 

14.5535 

17.5946 

20.0163 

14.7137 

18.7619 

19.5222 

18.4339 

12.8519 

17.1639 

19.2103 

16.5325 

18.2549 

20.9357 

19.2745 

17.1646 

16.6922 

17.8000 

18.4752 

18.7266 

13.5963 

16.8979 

17.9225 

18.7229 

17.4062 

16.0342 

14.7341 

19.3910 

15.9934 

22.3467 

17.6445 

14.5175 

18.1577 

17.4357 

14.9532 

17.4292 

21.1487 

17.6303 

18.7701 

20.7134 

18.5825 

17.0108 

20.5820 

19.5018 

20.7059 

21.0532 

14.8297 

17.9294 

18.5617 

19.6883 

16.0896 

17.7184 

15.9768 

19.3525 

18.3904 

19.4519 

16.2740 

19.8865 

16.6326 

19.6243 

17.6497 

16.5594 

20.6270 

17.5740 

19.3123 

17.0376 

20.2886 

16.3390 

19.3181 

19.5666 

19.3160 

19.8143 

18.4858 

18.4970 

20.0103 

13.3657 

21.0554 

18.5380 

17.4141 

21.1069 

19.6810 

16.9295 

19.5579 

17.2500 

17.2829 

19.9921 

17.4279 

17.8678 

20.1886 

19.5037 

20.3498 

18.4450 

19.2178 

17.6954 

16.9558 

17.7311 

17.5401 

18.5198 

18.6484 

18.6365 

16.3744 

18.7144 

17.3455 

19.8612 

16.1408 

18.6069 

14.6024 

22.7301 

17.3981 

19.8678 

18.1087 

17.9322 

22.2723 

15.7276 

18.5031 

20.5449 

19.4464 

18.2055 

14.6923 

16.4992 

19.5623 

19.1648 

21.3472 

15.2267 

14.9395 

20.3970 

14.8483 

14.2144 

17.4556 

17.5634 

18.5701 

21.0677 

18.8271 

20.2062 

16.5848 

17.5727 

17.0408 

16.1327 

18.8708 

14.7347 

19.0117 

16.3434 

17.6198 

17.0673 

14.5682 

15.2295 

19.4611 

17.4913 

14.1170 

21.2798 

17.5852 

20.2258 

16.9835 

20.1285 

13.1658 

17.7002 

18.0603 

17.2356 

15.4009 

19.5589 

19.5638 

14.5066 

17.1065 

18.7175 

18.6280 

18.2435 

15.8608 

18.3417 

21.2951 

17.4560 

20.7921 

18.6228 

17.3024 

15.8544 

17.6376 

15.9751 

17.9666 

19.5442 

18.7629 

12.6019 

20.6115 

17.4656 

18.0545 

16.5698 

14.0961 

17.8535 

21.2402 

16.1153 

18.2119 

16.3162 

19.7585 

15.9948 

20.2132 

19.0022 

16.3302 

17.4049 

17.5797 

14.3089 

16.6123 

18.3440 

18.8162 

20.2439 

20.8655 

16.7776 

22.7367 

16.7550 

14.1572 

17.7490 

16.9807 

20.1579 

18.9534 

17.0793 

18.7947 

16.2470 

20.0071 

18.7441 

12.7751 

21.0746 

13.8688 

17.3440 

18.8058 

13.7214 

19.8163 

20.0310 

20.2554 

17.8484 

17.3277 

19.3204 

20.7265 

17.3605 

19.1604 

18.8756 

18.9161 

20.0771 

19.1280 

16.8580 

16.3228 

15.3537 

17.3454 

16.2832 

17.5863 

17.8673 

18.2771 

20.7115 

15.4882 

16.3552 

17.9996 

20.9839 

18.7348 

19.5091 

20.1016 

15.3384 

18.5689 

21.4674 

17.2247 

19.4608 

17.8441 

19.1270 

17.8272 

17.8057 

19.5456 

19.3518 

20.9643 

18.4891 

16.4380 

16.1984 

18.5501 

20.7594 

20.7388 

17.3687 

17.1812 

18.2546 

19.0545 

19.6752 

16.6663 

20.9198 

17.0281 

20.1841 

18.5058 

19.3480 

17.1737 

19.0939 

19.6224 

18.8742 

21.3843 

19.1768 

16.4005 

15.4337 

15.3957 

15.3928 

16.5604 

22.3907 

18.8501 

20.8225 

17.1268 

18.2294 

17.1262 

18.9267 

18.3487 

20.2517 

20.8903 

17.8145 

18.0638 

17.6874 

18.2575 

16.4541 

19.7732 

18.3857 

20.4665 

15.0160 

18.5169 

18.2138 

15.9953 

15.9372 

15.9668 

18.2967 

20.9177 

20.6128 

20.0022 

19.3927 

19.7881 

18.6747 

16.5932 

15.8630 

19.3198 

19.9523 

17.5510 

13.0395 

24.2016 

19.6707 

19.2843 

20.1388 

14.4583 

19.5603 

21.0092 

16.0293 

19.1428 

17.7203 

19.9013 

18.9257 

17.3168 

16.0846 

20.3388 

17.8075 

20.5404 

18.7924 

18.7183 

16.5046 

19.4890 

20.5672 

17.8944 

18.6495 

20.1755 

18.8949 

16.5731 

14.5415 

16.8141 

21.3818 

16.0312 

17.2165 

19.7332 

18.7637 

17.7378 

15.9938 

18.8574 

16.6942 

15.5854 

16.9441 

24.9999 

20.8173 

15.7837 

16.2308 

22.3482 

16.2247 

15.7365 

21.4056 

17.7511 

20.8713 

18.7918 

17.9374 

18.2593 

19.6247 

14.0639 

18.9974 

20.8831 

18.5432 

19.8822 

18.0949 

18.4983 

20.1048 

19.0809 

18.4071 

17.5129 

16.8015 

17.3111 

21.4077 

19.8695 

16.5518 

16.7286 

16.1087 

19.1640 

15.8348 

17.8848 

18.4988 

18.3787 

17.4061 

17.1904 

18.3775 

18.7220 

16.7897 

16.2254 

15.5500 

18.9604 

17.7486 

17.5263 

18.7188 

18.1389 

19.2922 

15.1247 

16.5734 

13.6699 

15.7111 

16.4732 

19.2784 

17.1184 

18.8544 

19.8015 

16.1844 

16.5239 

18.8032 

19.0938 

15.9938 

19.8001 

19.7998 

18.9140 

16.9576 

17.1742 

17.9090 

20.2294 

22.0270 

16.5950 

17.3569 

19.7808 

16.7073 

18.7453 

19.7906 

16.6766 

19.9646 

17.4943 

14.0808 

21.9732 

19.4743 

18.3714 

18.7977 

14.8207 

17.1942 

18.4823 

21.8105 

17.7405 

17.0410 

20.0688 

15.2353 

17.6284 

18.0829 

14.1833 

19.5685 

18.9397 

15.4736 

18.6753 

19.0634 

18.7760 

14.8538 

19.0689 

16.7332 

17.5138 

14.2500 

17.1725 

19.0462 

16.9074 

14.8782 

17.6420 

16.4584 

19.9044 

18.0306 

19.1827 

16.5866 

18.3217 

21.0950 

16.0777 

18.0204 

18.4545 

20.1834 

14.5069 

18.5446 

14.8663 

19.0775 

16.1038 

18.6637 

15.3572 

14.1841 

14.6497 

17.0909 

16.2180 

19.7165 

15.1136 

16.2069 

18.4096 

14.6359 

20.1926 

21.7028 

22.1551 

19.8498 

20.1501 

19.5354 

17.3858 

16.8072 

15.0479 

15.6195 

17.9128 

19.6617 

11.3455 

17.2438 

16.0227 

18.2085 

16.5660 

18.4388 

20.5138 

19.2928 

20.5259 

18.2030 

20.1875 

18.4087 

18.0736 

20.8210 

16.9868 

17.5443 

16.5218 

18.5007 

17.4206 

14.6455 

18.9675 

18.9735 

18.6990 

18.7824 

17.1159 

19.2977 

14.9298 

16.1833 

16.2831 

18.0009 

19.4456 

21.5254 

18.1405 

14.0567 

14.1022 

21.3983 

20.8763 

21.0199 

18.7885 

17.6542 

19.2603 

21.9231 

16.7371 

20.5933 

16.6763 

20.1923 

16.1948 

19.4574 

18.9791 

15.4081 

16.5841 

13.7665 

16.8299 

18.6778 

18.3186 

17.7294 

17.4695 

20.4980 

16.8347 

17.5939 

16.4920 

13.7555 

22.7000 

18.1452 

21.8920 

16.6048 

20.7066 

17.2264 

19.4923 

19.8095 

20.5883 

17.8816 

16.0912 

18.9225 

15.8099 

14.3770 

18.1985 

19.2459 

17.4791 

15.8563 

19.7927 

16.8801 

17.8124 

17.1978 

16.9298 

18.1896 

18.0931 

21.4089 

15.9832 

17.8596 

17.4230 

17.8350 

16.8620 

21.0045 

12.4210 

16.2873 

16.2555 

15.8074 

15.6942 

17.3675 

18.3051 

17.5240 

18.4669 

15.0010 

17.1248 

18.4476 

19.2409 

19.6922 

20.7999 

15.6547 

16.9468 

17.7978 

15.8140 

19.8726 

17.2815 

19.4394 

16.4063 

18.1223 

12.7789 

19.2109 

15.0610 

20.4136 

16.0825 

18.3469 

19.2188 

17.4585 

19.0553 

23.3977 

18.7033 

13.9927 

16.4381 

18.4113 

20.7084 

21.4030 

18.3158 

17.3986 

16.6066 

19.6183 

19.8843 

15.7720 

18.2558 

18.9321 

16.8207 

15.7083 

19.8172 

19.0492 

18.5886 

21.1110 

16.0572 

17.4927 

20.6777 

16.4732 

13.9270 

18.1795 

16.9006 

16.6170 

18.6443 

17.2135 

15.6661 

18.5488 

19.6645 

21.2052 

18.4473 

20.1525 

21.4538 

17.8115 

18.2255 

15.3967 

18.1556 

19.4415 

18.3475 

20.4980 

16.0623 

22.5347 

19.0033 

14.8644 

16.8275 

19.4161 

17.8049 

17.1119 

16.9669 

16.8966 

19.8971 

19.8742 

15.0125 

16.9409 

16.3712 

21.8177 

15.5091 

18.9459 

18.5391 

18.0322 

13.9885 

18.9883 

16.3148 

18.8979 

13.3798 

18.3459 

18.9250 

19.8767 

17.2228 

17.3561 

17.4528 

20.4472 

16.7638 

17.0534 

14.9417 

21.4976 

19.3895 

17.1994 

18.6267 

17.6322 

14.7645 

18.1721 

20.4448 

19.3909 

18.4929 

15.6292 

16.3992 

13.3643 

17.8834 

14.6392 

16.1515 

20.8566 

20.3360 

16.6298 

20.4070 

18.5945 

16.7003 

13.8855 

19.0160 

18.1427 

22.9201 

17.0526 

20.2942 

18.3574 

19.3256 

17.6103 

17.5504 

19.5592 

18.2098 

15.0189 

15.7879 

17.3995 

18.5555 

19.6054 

24.6753 

12.6692 

17.7895 

19.8603 

20.5143 

18.6604 

19.3080 

16.0138 

20.0628 

18.8143 

16.4734 

19.3152 

15.3994 

16.0233 

15.5747 

18.2605 

20.3048 

16.6157 

19.7075 

19.4651 

15.0306 

14.1784 

16.8526 

17.3717 

20.7081 

19.2996 

12.7311 

17.4002 

16.7336 

17.9810 

19.3724 

16.2929 

18.6571 

17.7360 

16.1948 

16.4559 

18.3365 

21.0742 

17.6394 

19.9158 

18.5053 

17.3747 

17.5832 

15.7143 

17.4860 

18.6791 

16.8610 

20.0113 

19.8928 

18.0244 

18.7193 

15.8697 

18.7425 

16.2989 

18.0768 

18.6698 

17.1167 

20.3995 

22.3357 

18.9333 

19.3959 

16.8621 

18.9494 

16.6761 

19.8923 

16.6379 

18.1486 

18.7726 

17.0462 

19.0294 

18.1136 

18.6143 

18.2028 

16.1809 

17.4399 

17.4382 

17.3262 

19.2716 

16.9606 

18.2322 

16.7417 

23.0089 

15.2288 

21.2592 

15.6366 

19.9987 

20.6764 

16.6339 

19.9072 

16.8537 

20.7119 

19.3323 

16.4022 

19.3419 

18.0065 

20.6482 

17.3219 

15.6203 

16.9806 

18.0794 

15.2471 

16.4154 

18.9002 

16.0018 

17.9071 

18.2901 

15.2180 

15.2424 

21.3163 

18.5733 

24.0548 

18.8812 

23.5685 

21.7369 

17.8049 

17.5848 

18.9649 

17.0147 

18.5419 

18.5968 

16.1811 

19.2303 

17.0784 

18.1034 

18.9250 

17.6349 

20.9807 

16.3400 

18.2998 

19.2589 

18.4898 

20.1693 

20.1999 

18.2838 

17.9874 

14.3016 

22.1906 

17.2557 

18.5028 

13.8043 

17.5811 

12.8875 

18.9554 

19.5780 

14.6800 

20.4326 

19.2004 

15.6355 

19.1073 

20.1288 

17.0654 

18.7383 

17.5113 

18.3339 

19.5258 

18.6802 

16.6872 

20.3823 

17.1096 

14.4731 

16.1452 

19.7721 

18.2619 

20.6027 

18.0792 

18.3315 

19.2271 

18.9940 

22.0064 

15.2994 

18.9453 

17.8957 

19.6914 

17.8188 

20.5761 

18.3514 

17.2217 

18.0650 

16.1593 

17.7444 

17.4189 

14.8277 

16.4669 

16.6681 

16.7505 

21.5136 

15.9606 

19.1009 

18.8120 

18.3215 

21.9133 

18.5477 

21.4252 

16.1639 

16.5928 

19.8086 

23.0035 

14.3636 

20.0546 

18.5194 

17.4747 

19.2674 

20.2451 

18.2878 

14.6678 

18.7722 

18.4398 

16.9453 

17.8322 

17.0567 

15.3629 

18.9415 

21.0287 

16.7655 

15.9605 

19.0010 

20.3740 

17.2149 

18.2973 

18.4118 

15.2929 

15.3418 

16.5348 

16.3944 

17.0280 

17.4280 

16.6066 

15.8013 

20.8812 

20.0451 

19.3478 

14.4604 

17.9517 

18.9422 

16.3537 

20.4923 

18.7185 

18.9437 

17.0874 

17.5161 

17.9531 

19.3826 

20.9003 

18.6285 

20.9362 

18.0781 

17.0168 

16.0209 

20.0165 

19.6244 

19.4212 

17.1602 

17.9221 

14.4804 

21.0427 

17.3518 

16.5116 

19.9099 

15.3566 

22.5103 

20.7622 

17.4077 

22.4500 

22.9042 

16.0381 

14.3143 

15.6320 

13.6274 

16.5270 

17.2058 

17.7348 

20.7839 

15.5709 

20.6030 

14.3848 

15.9744 

21.4138 

17.7351 

20.2023 

17.4081 

17.4524 

18.6178 

17.5927 

19.4286 

17.3493 

19.4464 

19.1687 

19.5349 

21.4445 

15.7413 

17.3255 

14.9804 

16.7635 

19.2374 

16.7320 

18.2511 

20.1024 

18.8286 

21.1103 

16.9887 

17.9295 

20.6953 

18.9608 

15.9839 

19.3600 

19.6343 

18.2109 

19.1993 

19.1763 

18.0182 

15.8406 

17.8658 

18.1825 

16.6683 

17.9424 

16.0112 

18.4203 

20.9653 

16.2427 

18.7692 

18.9798 

18.3695 

18.4913 

16.4558 

16.3707 

19.6632 

22.4581 

21.5923 

17.2182 

18.5325 

16.2115 

14.1942 

14.9131 

14.2638 

16.6720 

21.1833 

18.7128 

20.6481 

19.2683 

19.0200 

17.7136 

20.0384 

20.1659 

19.6419 

14.6524 

18.1414 

18.3232 

16.6770 

18.1388 

18.7919 

15.7766 

15.4812 

20.9693 

18.2750 

23.4258 

17.0719 

18.6483 

17.9256 

14.7835 

18.2939 

16.4397 

18.3562 

15.5723 

17.8440 

19.6003 

18.0763 

13.9872 

17.0149 

17.5711 

19.2713 

16.7687 

20.9442 

21.7902 

16.3820 

16.1382 

15.7486 

16.0992 

18.5078 

19.2906 

19.5208 

21.2141 

18.4441 

22.7766 

19.4289 

16.0103 

15.6861 

18.8483 

16.2480 

18.8530 

19.7780 

18.9948 

20.2809 

19.8609 

20.0269 

16.7256 

19.7354 

19.6825 

18.1225 

17.3381 

15.2128 

15.3229 

22.3703 

18.9904 

18.2644 

16.3986 

19.3113 

20.5825 

21.0715 

20.8668 

19.7791 

19.0401 

16.7663 

18.8507 

17.2917 

16.9307 

15.8256 

17.2517 

19.3878 

17.9583 

23.6442 

19.9616 

18.2444 

22.8148 

18.6932 

17.1281 

19.8468 

19.3200 

15.2968 

15.9747 

19.3209 

19.2693 

21.7135 

17.1779 

19.8996 

20.4361 

20.1286 

16.5175 

18.7520 

14.5201 

19.0621 

16.7091 

20.8304 

16.0000 

17.4220 

16.8322 

16.7374 

18.3683 

16.4300 

18.0387 

18.1992 

15.2719 

16.1401 

13.7127 

17.9896 

18.2818 

17.0357 

19.0005 

15.6526 

19.7151 

19.6624 

16.8421 

14.6119 

17.2386 

17.0903 

16.2498 

19.3151 

18.2640 

20.8590 

17.4066 

14.6241 

21.0694 

17.7338 

23.3593 

19.5168 

19.4654 

16.1710 

18.0307 

19.3333 

15.5391 

19.2344 

21.1500 

17.8345 

19.0139 

17.7799 

18.9430 

16.2894 

18.3216 

17.3577 

21.4873 

20.1436 

20.0040 

16.8582 

15.6207 

18.5726 

17.2914 

19.8150 

16.5395 

20.4592 

15.9987 

16.0680 

19.8572 

19.0953 

19.2702 

16.5441 

17.1010 

17.2869 

17.9159 

16.5145 

21.0989 

17.5969 

19.0031 

18.6720 

19.8678 

17.8482 

17.9666 

21.6518 

17.6130 

18.6801 

16.2777 

16.4215 

17.6243 

22.3718 

20.3260 

19.0177 

15.7418 

16.4643 

17.4627 

15.9993 

13.2308 

19.0780 

18.9455 

15.9843 

17.2204 

16.4223 

17.0913 

18.6446 

18.4533 

16.6507 

17.6740 

16.6947 

17.9355 

19.1503 

17.8424 

18.1865 

17.1445 

15.8580 

15.6384 

21.0309 

21.6298 

17.9768 

17.3247 

14.9932 

16.5489 

14.9920 

14.8446 

22.4860 

15.9027 

18.7955 

13.3531 

17.4253 

20.5119 

19.6495 

16.8811 

17.6673 

19.0167 

12.1678 

18.9035 

15.4501 

19.0174 

17.8780 

19.6304 

17.6000 

21.3762 

15.9099 

16.3046 

20.4763 

21.7120 

17.4536 

18.5288 

16.5043 

21.4102 

16.8472 

16.5778 

15.9170 

16.4935 

21.6972 

17.7126 

14.7297 

17.7738 

18.5380 

17.7316 

16.6771 

19.7561 

16.0213 

20.6356 

17.9321 

18.2894 

20.6167 

19.5909 

15.0519 

18.0749 

21.7662 

17.7997 

13.8422 

18.4630 

17.3019 

14.1071 

16.0039 

19.1433 

19.0191 

18.8850 

18.0358 

17.5063 

16.9198 

17.9244 

16.6700 

13.5829 

19.2019 

18.0480 

15.5455 

19.4792 

19.2874 

16.2007 

15.6130 

18.9157 

18.5568 

21.5320 

22.9470 

19.2780 

15.7818 

19.1837 

16.4276 

18.7749 

17.4554 

15.1504 

17.1655 

16.0233 

18.6890 

18.1599 

18.3458 

18.4741 

17.3506 

16.2655 

17.1380 

17.8914 

17.6044 

18.9476 

20.5475 

23.4931 

16.7266 

19.1655 

17.2090 

17.0652 

17.6920 

15.4408 

17.4746 

16.0855 

18.4337 

17.9571 

16.9259 

19.5782 

21.3924 

19.2142 

18.3918 

14.5487 

17.8202 

14.6135 

19.0317 

15.5697 

20.8860 

17.6057 

19.5905 

19.2414 

21.3049 

20.0075 

21.0865 

18.3148 

17.4845 

18.2451 

14.4939 

19.1734 

17.5781 

18.2952 

18.1199 

21.7034 

21.7640 

18.9904 

19.3874 

19.4733 

16.1105 

18.5400 

18.0608 

15.3917 

17.8034 

15.3491 

16.3621 

18.4520 

18.7437 

16.6595 

14.1339 

16.7128 

17.9390 

17.7464 

17.4389 

17.1119 

14.8012 

17.3215 

18.7146 

21.4573 

18.7317 

19.0605 

19.3010 

19.8157 

14.1282 

20.8086 

19.8688 

20.9408 

18.1084 

16.9880 

15.3200 

14.7222 

17.0027 

15.4422 

17.1350 

21.6275 

19.5304 

15.9060 

20.1607 

20.7269 

19.2176 

17.1095 

19.3513 

16.4318 

18.0293 

17.3716 

19.1749 

21.6188 

21.1712 

17.7476 

16.8029 

19.8636 

19.4335 

16.4502 

20.9502 

19.8514 

16.1448 

16.2675 

19.7326 

13.5047 

18.6753 

20.1037 

16.3622 

21.0762 

15.0030 

18.5835 

17.5672 

17.2389 

19.2506 

14.5325 

18.1253 

17.7459 

18.5235 

18.0780 

18.9523 

19.3185 

16.8548 

15.5847 

18.3726 

17.6643 

15.9600 

18.3722 

18.5162 

18.8888 

16.1038 

18.6990 

22.6436 

16.1583 

20.7314 

19.8050 

17.7818 

21.3013 

20.4760 

17.9221 

18.6372 

16.6336 

21.5515 

18.5044 

18.4354 

19.8073 

17.8219 

18.1042 

16.7779 

15.8153 

19.5991 

16.1641 

16.7304 

17.3429 

19.9190 

19.9854 

17.2746 

20.1052 

16.9056 

15.8681 

19.5790 

18.6544 

18.4211 

22.0547 

17.2159 

19.6062 

16.5868 

18.8925 

20.2459 

17.0817 

19.0365 

19.4232 

20.7555 

18.4450 

18.4700 

17.8378 

19.1763 

17.4180 

17.0677 

21.4567 

16.5617 

20.4351 

15.4136 

19.2670 

17.1745 

16.2103 

17.9269 

17.7262 

17.4110 

19.7704 

16.4460 

21.6413 

16.7525 

16.5037 

19.1447 

20.3767 

19.5028 

18.5589 

18.5636 

19.1577 

18.7673 

16.5549 

18.6178 

15.6632 

18.1122 

16.2478 

22.7267 

18.8853 

15.6155 

16.1604 

19.2670 

18.2225 

16.4630 

20.0163 

18.1545 

18.2240 

16.1627 

19.5458 

20.1243 

19.6839 

16.3483 

19.0380 

17.4496 

14.6963 

19.0548 

17.5565 

18.4131 

19.1449 

18.9840 

17.7734 

19.6703 

18.5642 

16.9326 

16.8407 

15.1630 

20.6386 

18.1007 

19.1332 

18.9656 

17.9450 

16.8416 

17.2344 

16.1231 

19.4298 

19.3681 

15.8576 

17.2928 

16.5022 

17.0861 

16.0724 

18.1977 

18.9774 

18.3360 

20.0262 

17.6449 

15.5765 

19.4119 

15.4984 

16.1245 

21.1349 

18.2992 

18.4210 

20.7845 

23.4365 

16.3475 

16.9089 

22.2869 

19.6913 

15.5758 

21.0655 

17.8615 

17.7342 

17.9845 

16.9501 

15.9395 

18.0926 

20.1842 

17.6494 

18.7810 

19.1937 

14.2068 

17.4276 

18.3378 

17.9801 

22.4159 

17.4686 

17.0921 

18.3951 

20.2239 

16.3555 

20.6553 

16.5826 

16.9076 

17.7166 

18.5340 

18.1792 

14.1549 

21.7645 

16.5330 

16.7131 

17.6163 

23.0731 

15.0796 

18.8677 

17.7169 

18.8956 

17.2566 

21.0955 

18.5656 

14.2712 

17.6852 

18.4874 

17.2760 

19.7674 

22.6553 

18.7775 

19.4044 

17.2821 

17.2853 

17.9503 

15.7951 

18.0578 

18.0525 

17.0744 

20.2285 

17.7420 

16.6897 

17.3345 

20.0067 

16.9864 

17.9083 

17.0569 

18.2189 

17.0064 

18.2694 

15.9535 

15.2387 

18.8999 

18.8496 

16.8628 

18.8306 

18.1607 

17.8017 

18.4999 

21.8389 

19.5152 

18.0038 

16.4561 

18.5938 

21.0487 

21.9195 

16.9628 

14.5469 

16.1537 

20.8446 

20.8978 

22.0978 

17.7658 

19.5560 

20.2672 

16.1820 

19.8253 

18.9455 

19.2884 

18.6050 

20.5690 

12.1170 

18.8636 

17.8530 

21.1896 

15.6479 

18.8386 

18.5769 

20.5938 

19.6231 

18.1598 

21.7431 

13.4329 

18.1863 

21.1163 

18.2998 

20.4800 

16.9559 

19.5303 

14.9121 

19.2172 

21.3574 

19.8828 

20.5072 

16.5951 

19.3009 

17.7663 

17.4499 

15.3362 

17.7549 

18.9573 

18.4776 

15.9035 

20.0981 

17.0321 

16.7944 

19.5594 

16.5304 

19.5144 

18.8849 

15.9634 

15.2463 

15.6803 

13.6273 

20.0546 

17.6469 

13.6260 

19.1448 

18.3599 

21.4404 

18.1113 

18.7967 

17.6413 

18.4100 

16.8340 

17.2555 

20.3046 

17.6111 

18.0576 

20.1255 

14.8017 

20.2873 

17.5602 

18.4578 

17.9465 

17.7767 

15.4936 

16.8848 

13.4816 

18.4295 

18.0323 

17.4335 

17.2114 

17.4837 

21.2419 

13.3902 

17.2205 

19.0039 

18.5286 

18.6371 

14.3321 

16.2798 

18.4919 

19.6357 

17.2634 

18.9792 

18.3206 

19.6930 

16.9467 

17.7629 

19.5062 

16.9265 

18.3658 

20.5303 

17.8840 

17.0490 

21.0793 

16.4328 

18.1286 

19.3961 

16.0441 

16.7658 

16.3474 

16.7120 

21.5664 

19.4904 

18.8842 

16.5775 

20.3649 

19.9613 

16.7274 

16.6372 

17.0335 

15.1873 

18.1968 

13.1514 

18.8604 

18.6718 

17.8428 

17.3383 

16.9279 

15.1620 

13.4518 

16.7181 

15.3061 

18.6811 

18.2137 

17.7339 

14.2753 

17.0031 

18.3154 

16.7792 

16.0922 

17.8861 

15.4532 

16.8360 

15.5620 

19.3436 

18.3605 

18.9293 

20.8085 

19.6312 

16.6136 

19.3974 

17.3672 

17.2522 

18.0604 

18.6304 

18.0686 

17.8593 

20.8337 

16.2533 

13.8294 

18.3840 

20.6108 

16.7390 

15.2764 

16.4198 

18.0433 

20.2847 

20.2136 

17.8172 

15.4132 

17.3870 

16.2227 

17.5759 

22.5779 

16.5625 

17.6027 

17.9695 

17.7921 

17.3948 

18.4952 

18.7660 

18.1851 

20.3493 

20.1895 

20.9924 

19.1840 

19.4660 

17.7979 

14.3533 

13.9322 

18.5235 

14.7918 

17.5810 

17.0153 

19.7081 

18.3085 

15.6735 

17.2651 

12.4359 

15.8276 

18.5388 

15.5933 

18.1157 

19.8460 

18.0001 

16.7835 

17.9104 

20.2271 

17.9581 

17.6089 

18.2662 

15.8452 

15.5611 

14.0930 

16.4389 

22.7180 

19.4026 

18.8333 

16.1161 

17.1163 

15.8333 

18.6380 

14.5151 

16.4615 

19.0829 

15.5157 

19.4765 

16.7353 

16.8527 

17.4294 

17.3773 

20.1410 

16.1552 

17.8848 

16.3265 

19.0680 

23.0666 

15.3783 

17.0755 

16.0227 

19.6460 

18.8044 

19.9410 

16.8226 

16.6536 

14.4541 

19.2453 

18.7086 

20.8918 

17.4121 

18.1378 

19.3886 

17.6129 

18.3108 

19.6410 

13.5759 

18.5453 

18.5171 

13.8131 

18.2769 

17.4244 

19.3263 

17.1272 

17.5878 

15.1605 

17.4863 

22.5374 

20.5444 

16.8642 

19.5876 

16.1226 

12.4869 

17.3614 

21.0036 

18.9590 

18.3965 

18.4590 

18.8582 

18.7824 

16.0057 

19.2558 

21.5794 

19.6577 

19.0187 

16.5162 

20.2894 

17.0746 

16.9887 

18.2429 

18.0209 

20.8432 

17.9111 

18.8600 

20.4508 

17.8580 

16.5231 

19.0239 

20.5112 

18.5585 

20.3521 

17.6665 

17.9275 

14.9694 

16.7273 

11.9046 

17.8577 

17.9141 

17.5853 

16.3418 

17.9627 

19.6061 

17.2472 

19.1007 

18.4343 

20.2829 

19.2364 

14.7922 

16.6680 

17.6467 

21.9997 

20.9665 

16.0494 

18.9115 

20.3114 

19.8269 

19.7245 

24.2076 

19.8439 

19.6077 

17.9015 

17.1928 

16.3253 

15.9904 

18.1781 

17.7250 

21.3418 

15.3371 

21.7019 

15.7908 

22.3141 

15.7853 

17.0578 

19.0875 

18.6450 

18.8118 

15.9439 

17.2884 

17.9891 

16.3708 

18.6939 

15.9395 

17.4315 

21.2536 

15.8320 

15.2094 

17.3415 

15.8236 

19.7526 

16.8319 

18.8107 

17.4608 

18.2590 

17.3059 

15.9813 

17.4002 

15.4325 

16.9870 

15.3673 

16.6872 

17.6184 

15.2149 

20.6156 

16.0673 

16.4287 

23.3226 

16.9196 

17.5359 

18.1334 

18.6157 

16.8165 

17.6221 

16.4763 

18.5837 

19.9911 

15.2430 

16.4236 

14.4524 

16.1973 

17.3590 

13.2121 

16.2029 

16.8818 

20.6262 

13.2831 

20.9924 

15.0281 

16.9459 

17.3158 

17.3734 

18.5487 

20.2412 

17.1248 

19.0762 

17.8967 

18.6369 

16.2274 

15.9197 

20.5045 

14.4344 

17.0720 

19.3833 

15.8479 

15.3686 

17.0789 

18.6193 

18.2107 

16.7238 

18.1289 

16.7371 

17.2385 

21.1643 

17.1326 

18.2752 

18.6507 

15.9541 

21.2680 

22.2963 

19.1539 

14.4930 

20.5847 

17.2647 

18.3541 

18.1060 

18.3731 

19.4909 

17.7596 

17.7598 

17.5293 

16.1938 

21.1835 

18.1324 

18.2907 

18.4850 

16.9455 

19.2149 

16.1126 

20.5373 

19.2310 

17.7323 

18.9223 

15.6263 

14.8805 

15.1129 

20.8245 

20.8581 

17.1418 

17.6635 

21.4870 

16.2267 

16.3411 

16.2837 

20.3491 

17.7663 

20.7377 

18.1863 

16.7750 

19.0260 

19.9005 

17.3827 

16.3334 

21.6041 

16.2344 

16.0428 

14.6643 

14.7104 

18.8327 

16.4380 

19.4561 

17.8026 

19.7709 

20.0753 

17.5856 

20.6803 

18.7545 

18.2878 

17.9209 

19.4926 

19.6992 

21.6812 

16.6283 

16.8167 

22.9458 

20.4615 

16.5057 

16.7550 

22.2159 

20.5412 

18.9406 

19.3675 

18.3938 

12.1443 

16.9374 

18.4830 

17.5675 

18.0198 

17.0358 

19.9082 

17.6103 

16.0842 

19.0182 

16.0524 

18.7653 

18.4252 

19.2508 

19.0323 

15.4333 

15.6152 

18.0503 

15.0320 

16.9712 

16.6561 

17.7497 

17.1337 

16.3694 

20.4859 

21.0742 

17.7127 

16.4735 

17.6630 

21.3159 

13.1302 

16.0716 

15.0336 

18.5467 

16.6214 

19.5083 

16.9063 

18.8202 

16.9194 

22.1334 

18.8827 

19.4467 

16.5735 

16.9808 

16.1162 

18.5472 

20.0082 

16.0270 

17.3473 

16.4120 

18.8395 

18.3171 

19.0118 

18.0449 

18.2827 

16.2964 

17.1599 

16.5614 

19.0853 

14.6320 

17.4582 

16.4995 

14.2140 

13.8001 

14.6214 

16.4630 

17.7043 

15.9218 

17.2606 

16.7029 

17.2283 

17.1255 

19.2995 

18.0224 

14.5132 

17.0276 

18.2137 

14.3850 

19.3974 

17.3199 

16.1973 

16.7611 

17.5689 

17.1777 

17.7626 

11.3399 

19.4204 

16.8178 

17.2778 

20.9291 

14.8404 

17.1447 

16.9358 

16.4154 

19.5704 

16.1914 

16.1163 

16.6405 

14.2517 

18.5953 

16.9404 

18.3202 

14.6575 

16.2124 

18.7074 

19.3009 

13.9345 

18.4565 

19.7063 

15.1728 

16.7378 

14.9768 

22.3257 

18.5774 

17.3209 

18.6290 

18.3244 

18.7484 

23.8836 

19.2305 

14.9798 

15.2293 

15.6556 

19.1229 

17.0024 

16.5528 

17.6797 

16.0918 

16.9201 

17.4859 

19.9355 

19.2038 

20.9054 

17.8083 

20.2625 

20.2641 

13.3758 

18.8450 

19.4551 

19.7401 

19.1962 

23.0093 

19.5351 

14.8833 

18.5952 

17.1930 

20.6532 

15.4666 

19.0438 

17.7337 

14.6107 

19.9424 

17.2599 

16.8893 

19.3426 

18.7111 

19.0695 

20.8325 

15.3645 

17.5872 

18.2056 

19.5138 

21.0703 

19.2035 

12.7954 

19.5135 

18.1777 

20.4436 

16.6413 

16.4244 

17.3169 

17.3301 

22.3710 

19.2559 

19.2332 

15.6491 

18.4202 

18.3312 

21.5225 

18.4844 

21.1333 

17.3387 

18.4395 

15.0500 

19.7546 

17.0416 

15.9043 

11.7727 

13.8759 

19.4017 

18.3204 

16.0799 

14.5215 

16.1090 

15.8618 

18.5639 

18.3033 

20.3913 

18.6915 

19.8363 

16.3266 

17.6996 

19.0942 

21.3255 

15.2375 

18.2419 

21.6202 

16.0351 

19.4651 

18.4996 

18.4003 

18.8172 

19.1954 

17.8217 

19.0713 

16.8046 

19.6747 

15.1617 

21.3322 

20.8998 

15.5944 

17.3070 

15.3797 

18.5977 

15.5002 

20.5396 

19.0990 

18.9450 

17.9797 

14.1855 

18.7235 

17.7288 

19.0766 

15.6895 

15.7782 

18.2308 

22.0631 

19.8423 

21.0363 

18.4705 

18.0050 

17.6357 

20.9258 

15.7188 

19.0510 

18.5678 

19.1339 

18.7440 

15.6892 

17.3982 

20.2783 

13.0400 

19.4611 

18.6243 

14.0980 

17.3865 

17.9326 

22.5231 

23.3916 

14.3633 

16.5099 

15.6920 

17.6010 

17.8013 

19.4195 

16.2704 

18.0473 

11.9046 

16.7747 

19.8223 

17.6033 

19.9428 

18.4619 

20.5162 

20.6177 

20.7086 

18.9069 

16.8085 

15.2408 

19.5748 

17.5408 

16.1057 

23.5383 

16.5492 

22.6768 

17.4083 

20.6995 

17.3692 

17.1436 

15.4257 

19.3060 

18.5426 

17.3645 

14.6241 

17.2167 

17.0162 

17.5248 

15.4640 

16.1884 

14.2258 

14.7286 

20.4134 

16.3741 

19.2913 

16.8647 

19.6053 

20.2699 

15.7766 

16.8614 

18.3293 

19.8975 

16.8886 

17.9482 

16.4631 

19.4339 

17.7793 

22.3020 

20.1140 

21.4683 

19.5743 

15.7822 

15.6946 

17.4666 

17.4150 

19.5276 

17.7361 

22.6090 

18.3931 

17.5264 

17.1386 

20.9880 

17.0635 

15.8131 

16.8290 

17.2474 

19.9154 

17.2626 

22.1594 

15.3559 

21.1588 

18.6818 

18.2473 

16.6574 

17.6592 

17.8161 

16.1408 

16.1341 

14.5236 

16.9407 

16.7348 

16.0859 

14.3153 

17.9350 

15.8175 

20.1282 

16.8676 

15.7673 

16.0834 

15.1354 

20.7926 

17.8101 

17.1580 

19.7665 

18.1194 

17.8246 

16.5371 

19.5415 

20.1907 

21.6837 

19.4318 

16.9336 

14.6253 

16.2138 

16.7033 

19.6652 

19.8339 

16.4250 

18.7825 

19.2856 

16.7278 

20.1059 

18.3369 

15.0752 

16.3137 

20.3707 

16.3843 

21.0739 

13.2162 

17.2100 

18.7866 

17.3409 

16.0020 

20.1721 

17.7603 

16.3975 

20.3575 

20.7534 

16.5232 

16.4088 

20.2162 

20.1756 

18.0328 

21.8997 

20.5191 

17.9581 

19.7857 

18.4032 

19.6305 

15.5481 

18.9285 

15.8259 

19.3778 

21.2919 

19.3843 

17.7090 

14.2819 

19.2423 

22.5483 

17.5393 

18.0902 

20.6367 

19.7711 

17.5653 

17.9722 

20.6931 

16.1653 

22.5907 

19.5739 

20.3767 

19.5504 

18.5729 

16.1406 

19.8138 

16.0422 

16.2257 

17.9317 

18.6922 

16.3358 

18.6859 

17.5222 

18.6467 

17.5949 

17.1856 

17.1619 

16.2320 

17.4633 

14.8260 

19.2851 

20.5236 

19.2854 

14.4756 

15.9304 

15.9130 

17.8985 

18.5439 

17.4322 

20.5332 

17.6424 

15.5066 

18.4223 

16.6615 

17.2845 

18.9738 

20.6346 

16.4326 

16.9825 

18.5526 

18.5889 

18.2804 

15.6589 

20.2379 

18.8582 

17.7146 

16.1686 

17.2870 

19.4437 

18.4210 

16.3385 

17.5811 

17.6437 

18.4043 

20.0762 

16.8034 

17.4770 

14.6702 

18.9125 

19.0799 

17.5257 

14.8518 

17.7571 

15.8466 

16.6690 

21.3002 

16.6278 

16.5921 

21.4625 

18.4281 

15.7372 

17.7563 

15.9606 

19.1100 

18.5199 

15.9484 

20.0290 

20.3725 

19.9396 

19.6913 

20.0338 

16.7960 

19.1739 

19.9544 

17.4003 

16.9177 

15.7687 

19.5079 

16.4150 

16.1413 

21.9975 

18.8566 

18.3888 

18.6751 

19.1466 

16.9580 

19.4484 

19.1573 

20.2185 

17.4213 

18.6588 

17.0823 

18.3847 

16.9178 

20.8301 

15.4833 

16.0017 

18.4936 

17.7264 

19.2792 

17.4853 

16.3416 

16.8921 

18.6396 

17.7343 

19.6212 

16.8891 

17.9983 

21.3955 

18.8378 

17.1522 

18.3340 

18.6109 

17.6269 

18.4807 

16.5637 

20.3630 

17.8297 

18.0670 

17.0731 

18.5039 

16.5242 

20.2521 

16.6821 

17.1950 

15.5196 

17.7607 

14.4476 

19.4638 

16.7403 

17.8589 

16.7514 

20.4239 

20.0127 

20.3862 

18.2020 

18.1435 

18.6554 

15.9640 

19.5140 

17.2264 

19.3773 

18.4738 

18.3382 

16.6189 

14.3226 

17.0366 

17.7504 

18.8442 

18.5611 

16.9342 

15.0151 

16.4380 

18.1236 

18.1725 

15.6887 

20.2171 

16.7452 

20.4247 

18.8232 

19.1943 

17.3814 

18.4732 

17.6895 

19.0406 

19.5049 

16.8639 

18.6015 

15.2398 

17.5738 

22.6945 

17.2280 

20.9706 

17.6435 

15.1177 

18.3967 

16.3549 

19.4358 

19.9057 

13.8005 

20.2098 

17.5572 

17.8018 

18.4529 

20.4424 

20.6913 

17.0626 

17.5397 

19.3409 

20.1690 

14.5312 

15.3826 

18.6935 

19.4194 

18.0632 

15.0145 

17.1196 

18.4022 

17.8051 

21.0670 

19.5057 

14.9450 

17.5279 

17.4182 

16.2542 

17.1521 

10.9324 

19.1445 

10.7613 

20.0041 

15.4794 

20.0023 

17.8255 

16.2538 

15.5034 

17.6518 

16.4446 

18.1770 

16.0162 

18.4734 

16.1526 

18.2448 

20.2128 

17.6373 

16.0132 

16.9216 

21.2825 

13.6774 

16.5657 

16.1380 

19.2706 

16.2679 

17.2314 

19.0618 

17.5971 

19.8434 

19.0413 

18.2718 

21.1099 

18.3056 

15.5272 

14.9613 

17.0973 

19.3536 

18.1385 

15.4410 

17.1660 

16.3593 

17.4456 

21.4177 

17.4716 

18.5894 

15.8952 

18.2686 

15.4234 

19.6310 

17.0249 

20.6707 

17.8845 

18.7980 

16.7298 

17.5879 

19.5434 

18.8278 

18.4170 

19.1356 

17.3817 

18.3509 

15.5217 

15.4061 

18.2633 

17.9919 

18.1835 

18.0307 

16.9408 

19.3235 

21.4741 

17.1379 

20.1189 

21.5282 

17.0543 

19.2047 

18.0704 

18.0730 

20.9413 

17.2148 

18.3181 

22.5076 

16.1286 

17.1209 

19.1499 

14.4660 

17.9744 

17.4078 

20.2362 

17.0336 

18.8135 

16.2300 

20.4438 

19.3765 

17.8617 

18.1147 

14.3542 

15.7609 

19.3646 

18.9869 

14.9818 

15.2235 

18.1996 

19.4524 

20.4079 

18.0297 

17.5262 

16.8951 

23.1549 

15.3342 

18.1839 

18.9557 

19.0819 

24.3211 

15.7922 

16.2038 

18.2359 

16.9022 

19.3023 

20.3812 

20.1914 

18.4471 

18.3423 

16.8591 

20.1394 

21.1435 

16.5475 

15.5421 

18.0802 

14.9789 

23.1997 

19.3258 

21.6306 

18.6721 

14.8666 

15.8422 

19.9168 

16.8591 

13.9434 

15.2430 

18.9098 

19.0026 

19.9624 

14.8103 

18.2671 

18.7461 

18.3866 

19.7482 

18.6732 

15.9644 

18.2849 

17.6447 

18.9728 

20.0595 

19.4674 

15.8560 

21.1094 

19.0122 

17.0427 

19.5516 

17.8252 

16.8365 

19.2752 

20.9031 

17.0010 

19.0916 

17.6928 

16.1089 

13.0437 

18.8136 

16.2594 

19.5164 

17.3942 

19.8730 

14.2090 

20.6395 

16.3096 

19.6856 

13.9600 

16.6142 

15.0712 

14.2832 

16.9578 

19.3580 

20.1976 

16.9356 

21.9857 

18.0353 

15.9752 

17.2472 

15.8217 

16.8405 

16.1050 

18.2106 

15.4117 

15.6756 

18.8827 

15.3921 

15.5646 

16.7552 

15.1287 

17.5416 

19.9759 

18.8247 

16.9640 

17.0968 

17.5252 

17.9038 

19.3699 

18.9917 

16.8712 

13.4522 

15.9939 

18.6380 

16.5467 

19.0669 

17.4008 

15.9658 

22.6095 

17.6489 

16.3035 

15.5538 

19.1449 

18.4595 

18.5127 

16.6594 

16.6406 

18.7860 

19.1069 

18.2924 

15.0368 

16.9467 

19.7707 

16.5904 

17.0807 

19.2420 

17.8382 

17.5827 

20.0306 

19.9546 

17.6681 

20.7283 

20.8609 

17.1566 

20.8531 

17.0146 

14.4580 

16.0137 

14.1142 

17.0527 

17.1928 

18.2926 

17.4563 

19.9641 

22.4707 

16.3991 

18.3596 

15.9283 

18.6967 

18.1798 

16.6663 

24.4707 

20.0323 

17.7207 

15.1847 

16.2948 

18.2721 

16.0068 

15.4880 

17.2300 

15.1196 

14.6911 

17.4663 

15.1350 

21.2343 

19.8400 

17.8386 

20.2246 

17.1075 

20.9357 

15.4433 

20.7970 

19.3624 

15.9239 

16.1884 

15.3852 

20.5653 

18.1566 

20.6337 

19.6823 

17.5314 

19.4705 

16.3750 

21.2600 

20.6611 

21.6854 

17.5035 

15.4587 

18.3166 

18.8053 

19.0338 

20.0882 

16.6288 

16.0531 

19.0971 

18.2746 

16.3132 

19.3636 

14.6062 

18.7861 

17.7129 

25.3039 

13.2106 

18.1703 

17.1389 

18.7588 

20.3069 

17.6377 

20.1636 

17.8743 

19.3676 

18.7728 

17.0890 

18.0058 

14.4913 

19.6018 

16.6222 

20.5652 

14.8854 

19.9600 

16.6321 

19.9726 

18.0306 

18.8843 

18.4674 

16.6663 

19.8514 

18.6857 

17.3158 

17.3994 

17.8823 

15.9737 

14.1083 

16.3254 

17.1334 

19.0892 

16.6455 

16.0615 

15.7704 

19.3889 

20.1310 

15.9005 

18.8746 

19.2179 

15.7245 

17.0311 

16.3052 

17.8797 

20.2719 

16.2820 

17.7146 

20.7278 

17.6236 

18.7330 

19.1230 

18.5584 

18.7049 

17.9561 

19.7787 

19.6477 

19.0043 

16.4127 

15.2590 

17.6751 

16.9789 

16.8062 

13.8559 

16.5412 

18.0504 

18.4551 

18.8149 

19.5222 

21.1288 

18.3998 

19.7103 

19.1269 

16.0264 

20.0204 

20.4834 

17.0291 

16.9564 

19.7555 

17.9430 

18.7000 

20.1594 

19.7226 

20.1545 

18.6120 

19.0835 

18.9388 

17.2343 

17.8015 

15.7323 

19.1672 

16.3614 

17.8596 

18.7840 

15.6980 

16.8813 

19.2508 

17.9128 

19.4137 

19.7587 

21.6533 

15.6910 

15.9433 

21.0230 

18.4347 

20.1676 

21.2763 

17.3558 

14.7963 

18.5222 

18.9812 

20.0425 

17.3632 

18.4096 

20.7712 

21.6034 

18.1279 

19.3531 

15.9285 

16.7759 

18.4848 

15.0684 

19.6051 

14.4053 

19.5059 

16.7153 

17.7244 

17.1310 

17.7421 

18.1883 

19.6726 

17.2300 

17.2592 

16.0861 

17.7799 

20.0611 

15.3872 

20.9466 

15.0762 

18.1567 

15.6264 

18.2430 

15.7429 

13.7658 

15.8590 

19.8671 

17.7553 

21.4674 

16.4493 

16.2458 

18.0765 

16.9043 

19.6473 

19.8506 

17.3767 

21.4054 

17.0656 

18.0121 

18.7658 

22.6848 

15.6242 

19.1470 

17.4489 

18.5608 

16.8674 

16.2430 

19.6091 

18.5902 

17.4388 

13.2756 

18.7204 

22.6005 

17.4016 

17.6276 

15.7160 

20.4769 

18.1185 

19.1131 

19.0347 

18.9289 

16.8809 

19.0979 

23.7562 

17.3631 

20.8436 

13.9077 

18.2345 

16.5063 

17.7821 

15.7523 

19.0965 

16.3446 

15.4860 

21.4539 

21.1027 

17.5677 

18.5186 

17.5624 

14.1122 

18.5329 

21.3025 

17.3336 

14.3923 

18.0665 

17.0875 

14.7935 

18.2262 

17.0467 

20.6382 

15.7330 

16.3588 

21.6220 

19.8327 

16.8079 

18.8986 

19.7834 

17.6937 

21.5169 

15.5404 

17.7329 

21.9526 

17.1206 

18.5966 

17.7604 

19.1755 

18.5087 

17.4846 

17.0907 

13.8372 

17.4436 

21.7184 

17.3119 

16.3489 

17.9597 

16.1579 

19.9886 

17.4946 

17.7673 

17.0220 

16.1936 

17.2896 

19.9977 

14.5790 

17.1437 

16.7321 

14.6170 

21.2113 

15.9581 

15.7670 

16.0029 

15.7251 

18.5211 

21.0054 

19.6468 

21.0308 

16.7644 

19.7231 

15.9370 

20.9145 

20.3039 

18.1014 

17.8538 

19.4906 

18.0313 

19.0693 

21.9820 

17.5535 

17.4277 

19.0509 

20.1013 

18.7682 

19.0250 

18.7370 

18.3343 

13.5392 

20.2503 

15.5525 

15.7504 

14.9402 

19.5818 

13.4625 

18.3407 

19.7984 

18.6063 

17.4944 

15.9904 

14.9397 

17.1946 

20.2628 

19.6707 

16.7085 

19.1686 

17.9508 

14.8688 

17.1276 

18.6686 

17.4315 

22.4232 

18.9952 

16.1173 

21.6505 

20.4901 

16.6274 

18.3180 

16.0509 

18.5675 

16.5796 

21.3307 

16.3059 

17.1489 

17.8207 

15.8678 

18.7424 

17.5221 

16.0096 

18.9186 

16.3833 

18.7880 

16.8266 

20.9270 

13.6073 

17.2752 

20.6756 

15.3539 

14.1156 

13.6209 

16.6686 

19.3109 

16.7953 

15.4029 

15.0107 

17.4095 

20.0441 

20.0385 

17.6235 

17.9017 

16.9308 

18.8285 

16.8157 

18.7071 

15.8751 

15.8454 

17.5528 

16.8959 

18.1906 

17.1079 

15.6993 

16.8419 

18.2624 

19.0578 

16.0509 

18.1979 

21.2518 

17.4289 

20.5078 

17.5161 

15.9688 

19.1754 

18.5222 

19.0833 

13.8975 

17.9038 

17.0555 

16.1500 

14.7640 

17.4088 

16.6364 

18.2995 

17.8022 

15.5638 

17.0891 

21.0579 

18.5671 

20.3827 

14.6996 

18.5649 

17.7655 

18.3843 

20.4324 

17.3655 

17.3467 

17.5314 

19.1376 

19.3812 

16.6161 

17.6919 

16.4318 

18.2152 

12.5717 

17.3243 

21.8506 

18.5104 

20.1284 

19.5721 

18.5405 

18.6770 

18.2211 

17.9487 

17.9021 

17.9085 

14.0976 

13.9309 

19.7975 

13.6685 

17.7473 

18.6724 

17.2941 

15.9151 

16.5153 

19.7775 

18.5734 

17.7887 

16.4011 

20.0707 

17.0457 

14.3317 

19.1292 

16.3169 

19.9546 

15.2003 

17.9918 

18.1365 

19.4614 

18.6598 

17.9579 

16.5169 

15.8833 

18.0070 

21.6274 

19.1218 

20.5574 

16.3242 

18.0430 

15.7730 

17.2976 

20.7824 

20.4041 

19.5097 

18.0955 

18.4333 

17.3999 

22.5931 

22.0276 

19.1000 

18.1571 

19.2387 

16.9917 

18.3598 

18.6578 

20.0166 

18.6624 

19.6398 

18.1229 

17.2600 

16.1049 

17.4839 

16.7894 

16.1407 

16.3171 

21.6248 

17.3553 

17.4409 

18.2446 

20.8847 

13.9647 

20.3973 

18.6021 

18.7838 

17.0721 

14.5835 

14.6020 

19.0203 

16.5387 

20.6048 

19.5428 

13.5054 

16.5256 

15.7943 

16.2215 

16.4705 

19.9639 

18.4497 

16.1836 

19.2789 

19.8566 

21.7235 

17.6477 

18.2765 

17.5113 

19.4591 

19.2707 

19.2397 

15.8358 

17.7147 

19.4577 

15.3088 

17.2209 

18.1854 

18.5209 

18.2622 

20.1387 

16.7029 

21.4926 

19.3793 

17.4084 

23.6891 

15.7204 

17.7107 

15.0142 

17.1032 

19.6051 

16.6874 

17.8602 

19.7470 

20.6502 

20.3182 

16.9849 

19.3303 

17.2831 

19.6809 

19.0445 

20.3366 

15.8549 

17.9193 

18.3924 

15.9065 

20.1144 

17.8938 

18.0228 

20.3202 

15.2434 

20.6400 

14.6281 

15.4609 

19.9224 

19.1198 

14.9121 

19.3927 

19.8342 

20.0732 

15.6368 

17.2732 

19.1102 

19.5591 

18.7456 

21.8492 

18.3163 

20.2803 

18.0161 

14.3823 

18.7839 

18.2811 

18.4216 

15.8251 

18.5790 

16.4131 

17.7368 

18.1536 

18.9339 

18.0272 

18.7662 

18.1322 

21.2003 

12.9252 

19.4003 

17.1811 

19.3817 

17.1935 

16.9172 

17.1706 

20.0829 

15.7546 

20.5106 

17.5781 

16.7420 

19.0221 

17.0670 

19.9696 

16.8484 

22.2717 

19.9597 

20.4446 

18.7931 

16.1490 

19.5631 

17.9369 

21.4107 

16.2253 

17.1988 

18.3893 

16.6787 

16.6021 

21.7401 

16.1339 

16.9717 

16.2238 

18.3432 

15.9995 

16.1041 

15.2490 

13.9120 

16.8713 

14.8797 

18.7220 

20.7481 

13.9442 

19.9898 

17.4486 

16.7370 

19.1478 

16.6234 

17.5775 

15.5210 

15.4940 

20.7801 

18.5090 

17.3298 

17.8351 

19.0726 

15.7037 

16.1947 

16.9423 

20.0537 

14.8171 

15.4275 

21.0910 

21.0767 

22.4379 

19.2332 

16.4195 

19.2075 

15.7496 

19.5105 

15.8315 

16.8617 

15.0858 

15.8434 

19.6382 

15.5604 

20.6685 

18.0408 

15.3494 

16.2886 

17.1596 

15.6588 

17.6099 

14.2345 

16.9964 

17.0000 

19.5816 

18.5013 

16.4389 

15.3666 

22.1231 

17.4190 

22.4138 

21.1491 

18.4097 

18.9909 

20.1756 

18.9334 

20.7427 

20.3670 

16.9179 

18.3957 

19.1036 

17.9587 

16.6459 

18.1526 

19.8251 

16.9362 

20.0664 

17.4412 

24.1546 

15.6847 

19.8404 

21.2054 

16.0799 

17.7969 

19.2117 

18.3055 

15.2901 

17.0313 

19.3792 

17.4207 

18.8962 

15.8633 

