-5.2453 

-5.2524 

0.6037 

1.6467 

-3.5253 

-0.7038 

-1.2810 

-0.4607 

-3.4536 

-2.1551 

-0.0869 

-5.5848 

-4.2818 

-3.5298 

-2.6895 

-5.7273 

-3.0298 

-0.4996 

-5.5123 

-1.9142 

-3.6703 

-3.2211 

-4.0198 

-2.0675 

-4.5865 

-2.4676 

0.1298 

-4.4804 

-2.7302 

-0.4615 

-3.5524 

-6.5338 

-3.7657 

-5.4371 

-3.4289 

-4.4248 

-4.1219 

-1.4399 

-1.8698 

-1.5642 

-2.8950 

-5.1980 

-1.4449 

-5.9920 

-1.2937 

-1.7483 

-1.4011 

-2.3463 

-3.1089 

-4.7427 

-2.8835 

-1.9737 

-6.5756 

-1.5876 

-1.1801 

-5.1744 

-2.0633 

-2.7061 

-4.3306 

-3.3671 

-2.0560 

-2.6120 

-1.8401 

-3.2162 

-5.0965 

-6.7632 

-5.0016 

-5.0809 

-3.6014 

-3.1132 

-2.0929 

-2.8703 

-2.5539 

-2.8035 

-4.2594 

-0.3727 

-0.4260 

-1.2964 

-1.4835 

-1.4226 

-4.7045 

-3.3492 

-5.0731 

-3.5759 

-0.3445 

-1.5243 

-2.9418 

-2.8680 

-6.0312 

-2.2408 

-0.0215 

-3.3341 

-0.2599 

-1.4424 

-3.4711 

-3.6080 

-6.1028 

-5.4071 

0.7424 

-1.3023 

-0.8086 

-5.4866 

-0.4952 

-2.5516 

-3.4569 

-4.5931 

-5.9591 

-5.4672 

-5.2190 

-5.7654 

-0.6334 

-2.2440 

-1.2727 

-0.3926 

-5.3314 

-3.8847 

-4.6612 

-4.4912 

-3.4277 

-3.5314 

-1.4337 

-2.3213 

-1.1524 

-0.7859 

0.5400 

-7.8915 

-1.4820 

-4.8547 

1.9798 

-1.8658 

-2.1179 

-7.1346 

-3.4902 

-1.4600 

-1.6623 

-2.4750 

-0.4812 

-2.8213 

-2.0291 

-0.1775 

-5.9775 

-4.9042 

-1.0932 

-4.0932 

-5.1365 

-2.2996 

-4.7829 

-6.2301 

-4.9267 

-4.2671 

-2.7151 

-3.6236 

-5.0663 

-2.3637 

-2.7319 

0.0123 

-4.9029 

-5.8749 

-2.9432 

-1.0289 

-1.7912 

-1.4655 

-7.5921 

-0.5269 

-3.7598 

-4.5874 

-3.5901 

-6.9845 

-2.2783 

-4.6843 

-4.2877 

-1.7575 

0.5304 

-5.6598 

-0.8231 

-4.4836 

-2.8506 

0.0293 

-4.2983 

-3.3479 

-3.0058 

-2.1561 

-2.1781 

-2.7981 

-5.4336 

-3.0758 

-0.4905 

-1.0806 

-5.7335 

-0.0257 

-4.8174 

-1.1166 

-0.1017 

-0.6821 

-4.7665 

-2.2076 

-3.4748 

-4.0380 

-0.8421 

-2.6255 

-6.9505 

-2.0420 

-4.4838 

-1.9710 

-1.6521 

-0.4070 

0.2477 

-0.8571 

0.3914 

-0.9130 

-4.1409 

-0.2611 

-1.9264 

-4.5057 

-3.3155 

-4.0589 

-3.1882 

-3.4147 

-3.2412 

-1.9160 

-1.2112 

-1.8393 

-0.9481 

-6.6870 

-4.0375 

-2.6870 

-2.8499 

-5.5501 

-0.9055 

-2.7631 

-2.2110 

-1.6399 

-4.1543 

-4.0465 

-2.2041 

-0.8342 

-2.9793 

-1.1603 

-2.4096 

-5.0403 

-2.6737 

-6.6524 

-1.4161 

-0.9988 

-5.3679 

-5.0050 

-4.0915 

-2.3902 

-4.7809 

-1.4604 

0.1326 

-3.7344 

-1.3603 

-5.4035 

-4.4434 

-4.2782 

-3.8716 

-2.1431 

-2.6797 

-0.8090 

-2.2324 

-3.3818 

-4.6773 

-5.1277 

-4.7294 

-2.3720 

1.4328 

-0.4160 

-4.1538 

-0.4813 

-1.6619 

-3.8863 

-7.6810 

-2.3680 

-3.6669 

-1.7688 

-7.2371 

1.0114 

-5.9365 

-1.3012 

0.0075 

-2.0632 

-2.2191 

-4.9569 

-2.6160 

-3.5085 

-4.8408 

0.8162 

-1.5263 

-5.2318 

-5.0404 

-6.1874 

-1.9979 

-5.8726 

-3.9896 

-2.7836 

-6.2588 

-5.4902 

-2.4501 

-2.5378 

-5.6019 

-1.7515 

-3.8244 

-2.5738 

-4.0795 

0.6496 

-4.4681 

-0.7446 

-6.0466 

-3.6961 

-4.9828 

-1.4131 

-2.2044 

-8.2309 

-2.1863 

-3.6863 

-4.5146 

-3.3431 

-1.0260 

-1.5837 

0.7304 

-4.5850 

-5.1086 

-2.5799 

-3.1045 

-4.1205 

-5.0611 

-4.4503 

-3.6583 

-2.9824 

-3.0146 

-2.2336 

-5.0012 

-2.0698 

-4.2634 

-3.6917 

0.7959 

-2.8720 

-2.8406 

-3.8596 

-8.2981 

-5.1110 

-4.1880 

-2.7926 

-3.1922 

1.0289 

-4.2448 

-4.9705 

-4.2457 

-4.2180 

-1.5881 

-5.7839 

-5.2462 

-2.8087 

-1.9976 

-2.5794 

-4.2196 

-3.7114 

-2.3193 

-3.8796 

-3.0685 

-6.6850 

-5.9764 

-1.9810 

-1.9870 

-2.3159 

-5.5913 

-3.0294 

-2.0572 

-1.3120 

-3.9871 

-5.5082 

-1.0138 

-9.1298 

-5.4047 

-0.9139 

-4.2787 

-4.0715 

1.3986 

-8.1501 

-1.2626 

-3.1305 

-2.0955 

-2.4974 

-3.0526 

-5.2332 

-3.3589 

-4.4429 

-1.2176 

-1.0533 

-3.3659 

-3.9903 

-5.1234 

-4.0454 

-0.3606 

-2.6487 

-5.6742 

-3.8409 

-1.5193 

-2.0152 

-0.9233 

-0.1743 

-4.5201 

-5.3031 

-3.7087 

-3.9233 

-2.1122 

-0.4696 

1.2371 

-2.7157 

-0.3129 

-4.9867 

-0.6525 

-4.7874 

-2.2439 

-4.0296 

-2.7971 

-0.0998 

-3.5304 

-4.5492 

-4.9459 

-3.6909 

-0.6551 

-1.4519 

-2.7784 

-4.1836 

-2.0695 

-5.7180 

-5.7090 

-5.1960 

-2.5898 

-4.7976 

-1.9563 

-7.0319 

-0.6620 

-0.0903 

-4.5334 

-3.0566 

-4.6306 

-3.1428 

-3.5191 

-4.7587 

-4.2230 

-5.0505 

-2.9505 

-6.0566 

-2.8685 

-2.5133 

-5.6894 

-2.5377 

-4.6626 

-4.0612 

-6.3810 

-4.0140 

-3.6626 

-4.3979 

-5.7492 

-3.1826 

-7.4380 

-3.8425 

-4.4961 

-4.5607 

1.4955 

-3.0196 

-2.3150 

-3.6980 

-2.7732 

-4.9498 

-2.8983 

-1.7069 

-2.9343 

-0.6070 

-1.6389 

-0.2601 

-1.3845 

-3.8690 

-1.9946 

-3.0067 

-2.4763 

-7.3053 

-2.8486 

-0.1773 

0.3486 

-3.6185 

-3.2507 

-3.2736 

-1.1519 

0.0406 

-3.3435 

-0.7767 

-8.2537 

-5.2367 

0.5074 

-3.1876 

-3.0984 

-3.9557 

-2.5227 

-5.0961 

-5.1262 

-4.1086 

-2.1464 

-4.9811 

-3.5120 

-9.5606 

-2.1641 

-3.6957 

-3.5024 

-3.7363 

-4.3871 

-4.7158 

-4.2256 

-1.0845 

-2.2463 

-3.3627 

-1.6598 

-7.5157 

0.0010 

-4.2192 

-3.0235 

-2.2912 

-1.6698 

-4.9905 

-1.9432 

-4.1054 

-3.9792 

-4.5620 

0.1601 

-1.4793 

-0.4300 

-0.0049 

-1.4080 

-3.1687 

-3.2845 

-3.7944 

-2.0517 

-4.1500 

-2.3705 

-4.5018 

-4.1742 

1.4045 

-3.4837 

-6.5165 

-1.1748 

-4.8140 

-0.6178 

-1.9342 

-1.8160 

-0.4958 

-7.1437 

-4.1400 

-5.1808 

-1.6347 

-2.6798 

-3.6507 

-2.9239 

-1.3462 

-5.1105 

-0.6853 

-6.8690 

-0.3440 

-4.5836 

-1.8138 

-2.2311 

-4.7867 

-2.5784 

-1.8902 

-2.5909 

-5.1922 

-3.3653 

-3.1980 

-8.1396 

-1.9300 

-4.3046 

-3.8726 

-3.9794 

-1.7020 

-2.9461 

-2.6405 

-3.6545 

-6.2640 

0.0128 

-3.1107 

-0.9764 

-1.6225 

-3.3445 

-1.8393 

-4.1866 

-4.3205 

-3.6640 

-3.0698 

-3.9117 

-1.4453 

-2.8359 

-1.5966 

-6.0124 

-1.1681 

1.2275 

-1.6701 

-3.0267 

-7.0731 

-3.3664 

0.6393 

0.1193 

-2.6262 

-2.3915 

-1.3665 

0.2511 

-1.5565 

-5.6574 

-6.7343 

-0.0017 

-1.3879 

-0.4242 

-3.6090 

-5.1660 

-6.3240 

-4.9911 

-4.5986 

-4.7530 

-2.2613 

-3.7216 

-1.5897 

-4.3795 

-4.0355 

-0.1714 

-1.4069 

-1.2304 

-2.1594 

-4.1563 

-4.7067 

-3.4464 

-4.0345 

-4.5803 

-0.9380 

-3.7882 

-6.9823 

-5.3959 

-0.9642 

0.4363 

-8.7616 

-2.3857 

-6.3783 

-3.0533 

-2.2606 

-7.2942 

-3.6125 

-1.0578 

-4.5610 

-4.4492 

-2.2837 

-5.2545 

-2.6912 

-1.5799 

-1.9078 

-6.2432 

-2.2889 

-5.2843 

1.4597 

-4.2362 

-1.8305 

-3.9950 

-2.9695 

-5.5352 

0.1245 

-4.4371 

-0.1539 

-1.0938 

-4.7044 

-5.9452 

-0.6299 

-4.7226 

-1.7221 

-3.1340 

-1.1087 

-4.4317 

-1.4907 

-2.8790 

-1.7946 

-4.3058 

-4.9183 

-7.6447 

-5.4139 

-0.3629 

-1.7729 

-1.2383 

-1.6648 

-0.3392 

-3.0978 

-1.5473 

-6.8724 

-0.8105 

0.4947 

-1.5497 

-6.2479 

-4.4837 

-3.3422 

-1.8189 

-4.3457 

-3.6890 

-7.3062 

-2.0477 

-1.7582 

-3.5078 

-2.8922 

-1.5344 

-2.2419 

-3.5808 

-3.0483 

-4.6671 

-1.8062 

1.8614 

-3.5887 

-3.3778 

-4.8199 

-3.9527 

-1.0714 

0.4448 

-3.2066 

-1.6663 

0.0533 

-2.6924 

-3.7147 

-7.7749 

0.7820 

-1.1070 

0.8313 

-1.8852 

-4.0332 

-3.4008 

-1.8855 

-2.6386 

-3.2087 

-2.7443 

-5.5217 

-4.4078 

-2.0371 

-3.2464 

1.0970 

-2.6849 

-6.4235 

-0.8845 

-3.6856 

-2.1737 

-4.4571 

-4.6126 

-1.2453 

-3.1826 

-4.2598 

1.0541 

-2.0817 

-2.6454 

-1.2875 

-1.3761 

-3.9461 

-5.4433 

-2.1414 

-3.6448 

-0.7373 

-0.1886 

0.9418 

-2.9946 

-2.5710 

-4.5020 

-0.8377 

-3.3119 

-4.5298 

0.1180 

-1.3594 

-1.7917 

1.3026 

-4.4669 

-5.8445 

-5.2176 

-2.4250 

-1.3134 

-2.4118 

-4.5505 

-0.9231 

-1.8268 

-4.9889 

-2.7554 

-5.3549 

-4.5528 

-4.5727 

-2.5109 

-3.6502 

-6.7515 

-1.7827 

-3.8674 

-5.1670 

-4.7600 

-1.1881 

-4.5439 

-4.7558 

-2.9860 

-1.3753 

-2.3265 

-5.4925 

-2.4330 

0.4050 

-0.6799 

-2.9089 

-4.0762 

-2.8735 

-2.1282 

-1.5288 

-2.6575 

0.5170 

-3.9709 

-0.5418 

-3.9549 

-1.3091 

-1.0330 

-7.0514 

-1.8621 

-2.4244 

-5.1696 

-7.4335 

-2.1771 

-2.4987 

-5.7072 

-3.0093 

-3.5090 

-1.7450 

-4.6252 

-3.0829 

-3.0095 

-0.7261 

-2.5886 

-2.3644 

-7.2167 

-3.2060 

-6.0459 

-0.6074 

-2.1307 

-3.1776 

-2.0092 

-3.2065 

0.8010 

-1.5542 

-3.9347 

-6.0644 

-4.0508 

-3.6238 

-3.0031 

-2.3951 

-1.8276 

-3.8311 

-3.7679 

-2.2891 

2.0950 

-5.8292 

-4.7388 

-5.4278 

-2.2928 

-3.8587 

-5.8149 

-1.9520 

-2.7790 

-3.3400 

-5.2582 

-4.7931 

-0.4667 

-2.5904 

-5.5386 

-4.8845 

-2.5817 

-4.2694 

-2.7599 

-3.1471 

-2.9478 

-3.2905 

0.9229 

-5.1006 

0.4716 

-3.7540 

-5.5634 

-2.7971 

-5.8856 

-2.2195 

-6.2951 

-2.5670 

-0.9277 

-1.3289 

-4.6214 

-4.9402 

-0.0809 

-2.8364 

-5.3757 

-3.2319 

-0.6351 

-2.0702 

-4.8215 

-5.8306 

-5.2133 

-2.8722 

-6.3825 

-3.5855 

-2.1578 

-1.9690 

-3.1836 

-3.2907 

-3.4984 

-4.2155 

-3.7182 

-1.5745 

-0.1566 

-5.6129 

-3.8609 

-5.7615 

-2.4275 

-3.5495 

-0.9825 

-2.7271 

-3.4069 

-4.2534 

2.8598 

-5.7290 

-7.2357 

-1.3689 

-1.2118 

-5.3144 

-1.3704 

-4.5482 

-2.0260 

-4.2480 

-5.5720 

-7.5191 

-1.0589 

-4.2628 

-1.3934 

-1.3706 

-0.1073 

-3.4449 

-5.0041 

-4.9713 

-5.5404 

-2.0616 

-6.7815 

0.6746 

-0.3521 

-0.7186 

-2.7200 

-5.1763 

-2.2794 

-3.4038 

-1.3860 

-0.8672 

-5.9112 

-3.3681 

-5.9018 

-4.7086 

-1.8565 

1.3905 

-1.9888 

-1.1000 

-1.1789 

-0.9998 

-4.7449 

-3.8247 

-4.4271 

-1.1225 

-5.3928 

-4.0432 

-0.0590 

-4.3720 

0.4780 

-1.9055 

-1.5830 

-2.1204 

-4.2572 

-5.0396 

-2.7524 

-6.4635 

-0.1128 

-4.7638 

-4.9069 

-1.4282 

-4.7831 

-3.7751 

-3.0435 

-2.5438 

-4.8208 

-1.4802 

0.6661 

-2.4648 

-1.6646 

-3.2596 

-4.6201 

-5.6050 

-3.1063 

0.5789 

0.5500 

-3.2623 

-1.7345 

-3.8582 

-4.2068 

-2.0770 

-4.2409 

-3.4797 

-0.7611 

-2.8239 

-0.7336 

-7.4041 

-3.3485 

-5.8095 

-5.2697 

-0.5832 

1.2419 

-3.4988 

-3.4378 

-0.0150 

-1.0428 

-5.6673 

-4.9413 

-0.8379 

-5.2354 

-0.7204 

-2.4299 

-3.8173 

-3.7663 

-1.7588 

-1.0088 

-1.1255 

-3.2973 

1.0364 

-2.8262 

-1.8937 

-2.3451 

-3.3940 

-3.8182 

-3.7876 

-1.0337 

-1.3363 

-2.4357 

-5.6262 

-5.3988 

-5.9748 

-4.8772 

-2.9710 

-2.0965 

-0.2774 

-1.5189 

-5.9994 

-4.2979 

-4.1437 

0.2649 

-0.3231 

-4.2603 

-2.6661 

-6.0848 

-5.2760 

0.8260 

-2.4701 

-5.1942 

-1.8000 

-3.2313 

-1.7247 

-4.7581 

-2.7681 

-3.7238 

-0.6735 

-3.0207 

-4.1157 

-2.9550 

-1.5841 

-4.4564 

-4.4185 

-2.5311 

-3.9303 

-0.5236 

-0.3219 

-0.0725 

-4.0441 

-6.4189 

-0.6653 

-5.1751 

-3.2448 

-0.8732 

-7.2246 

-3.3980 

-4.5211 

-3.4121 

-4.2115 

-2.3476 

-2.6434 

-0.8045 

-1.5028 

-5.3346 

-6.4792 

-0.7384 

-4.9094 

-4.3478 

-1.1709 

-0.2157 

-3.6305 

-5.9649 

-1.3693 

-5.0807 

-4.4245 

-2.7263 

-4.0450 

-3.6820 

-4.6694 

-6.0272 

-5.0183 

-1.3745 

0.2257 

-1.8879 

-4.4349 

-1.8955 

-3.0230 

-2.8495 

-2.8285 

-1.6575 

-2.0095 

-2.3436 

-5.5423 

-3.8347 

-0.8208 

0.0999 

-3.2700 

-5.9084 

-5.1865 

-3.6028 

-3.2397 

-4.3609 

-2.9518 

-2.7585 

1.7701 

-2.0193 

-3.3749 

-2.2651 

-3.8223 

-4.1218 

-0.5678 

-4.8086 

-3.3500 

-2.3150 

-1.3258 

-8.1300 

-6.0564 

-1.7757 

-2.8441 

-3.2563 

-0.9612 

-6.8022 

-0.4138 

-1.3507 

-4.0850 

-4.2769 

-1.6206 

-2.5560 

-5.8977 

-2.6029 

-6.0302 

-1.2773 

-2.4806 

-2.1104 

-3.5755 

-1.2607 

-2.2578 

-5.9762 

-1.3860 

-5.2845 

-2.9433 

-5.8731 

-1.8009 

1.1772 

-4.2742 

-5.2393 

-3.7942 

-3.7852 

-6.2131 

-4.1726 

-3.4747 

-2.8369 

-1.5310 

-5.1874 

-2.7229 

-1.8053 

-1.3234 

-5.1146 

-0.2555 

0.9867 

-2.9412 

-0.8331 

-4.1747 

-2.2447 

-2.0484 

-3.0738 

-2.8136 

-1.0693 

-3.4735 

-2.6166 

-3.4544 

-2.9075 

-2.9144 

-6.1615 

-5.4922 

-0.2808 

0.2555 

-1.3259 

-2.8424 

-1.8236 

-1.0998 

-4.7031 

-2.8018 

-2.1383 

-4.3353 

0.3008 

-3.1770 

-3.9458 

-2.3794 

-2.8774 

-5.4423 

-3.3655 

0.4242 

-3.1422 

-5.3191 

-3.9960 

-5.6941 

-0.9483 

-3.7912 

-4.1870 

-5.8618 

0.7865 

-2.2843 

-2.2157 

-1.4159 

-5.5177 

-3.8745 

-0.5393 

-5.7882 

-3.3895 

-3.3758 

-1.8598 

-0.9341 

-4.0105 

-1.7373 

-3.3871 

-1.1473 

-7.9186 

-1.7090 

-2.9846 

-0.0222 

-1.6792 

-0.7578 

-4.2456 

0.2753 

-2.0882 

-5.4158 

-1.5136 

-5.5806 

0.2930 

-2.9479 

-5.6733 

-0.4234 

-3.4298 

-2.3020 

-1.2839 

-3.9090 

-2.6955 

-0.5868 

-3.8634 

-1.2830 

-2.6594 

-4.9657 

-3.0771 

-5.0326 

-4.6887 

-4.4226 

-6.5317 

-5.3821 

-7.3853 

-5.4425 

-1.1109 

-1.8180 

-7.1613 

-3.7991 

-4.4109 

-2.2341 

-4.7473 

-2.6538 

-2.8012 

-2.7933 

-5.0485 

-4.2596 

-0.1545 

-3.6588 

-1.6012 

-1.8820 

-6.3018 

-7.7122 

-1.7329 

-0.6479 

-0.3014 

-2.6285 

-3.9942 

-5.4386 

-0.1186 

-5.7077 

-2.6283 

-7.2560 

-2.0575 

-1.6539 

0.4936 

0.8929 

-6.6740 

-0.7402 

-2.4780 

-3.8611 

-1.2551 

-0.5812 

0.0581 

-0.4795 

-5.0689 

-4.2430 

-1.0553 

-4.0717 

-2.5480 

-6.5342 

-2.7859 

-4.0964 

-3.6891 

-4.1807 

-3.6751 

1.3959 

-1.8899 

-2.2624 

-5.2663 

-1.0996 

-2.8163 

-5.3128 

-4.7617 

-2.4711 

-4.7400 

-5.6454 

-1.6570 

-4.5154 

-6.1118 

1.2071 

-3.2059 

-2.0605 

-2.4147 

0.7010 

-2.9399 

-4.4268 

-2.4288 

-2.6437 

-2.8203 

-2.3280 

-2.1381 

-1.6165 

-1.7780 

-2.6598 

-6.1884 

-5.2542 

-5.5063 

-5.7819 

2.0192 

-4.0043 

-1.4286 

-0.9479 

-6.1135 

-0.2146 

-6.6211 

-2.2277 

-2.2795 

-4.4655 

-3.0884 

-4.6083 

1.2644 

-3.3108 

-5.5286 

-3.9162 

-1.6057 

-3.1682 

-4.6398 

-5.2986 

-2.9183 

-1.9812 

-1.3445 

2.4504 

-1.4875 

-1.5599 

-4.7951 

-8.5365 

0.8760 

-3.9264 

-3.1293 

-5.2702 

-2.0133 

0.2005 

-0.3500 

-6.2345 

-2.8414 

-3.7826 

-0.5305 

1.2047 

-2.1575 

1.6583 

-2.1509 

-2.2976 

-4.2484 

-2.2861 

-3.8566 

-1.7158 

-4.0737 

-2.8117 

-1.8416 

-3.8980 

-3.2546 

-1.6698 

-3.5828 

-1.9849 

-0.9583 

-2.8418 

-0.0616 

-0.4390 

-3.6007 

-3.2000 

-4.3966 

-2.3864 

-6.4840 

-5.0617 

0.4771 

-2.4991 

-1.3540 

-3.4889 

-4.4577 

-1.3797 

-3.8311 

-4.2366 

-1.3486 

-3.3197 

-0.6505 

-2.7587 

-2.8777 

-0.3312 

-5.1956 

-2.7122 

-3.4230 

-3.0479 

-0.9063 

-2.1445 

-3.9136 

-1.0178 

-2.2558 

-1.6240 

-2.2943 

-5.1368 

0.6503 

-3.7864 

-5.5532 

-3.7121 

-1.5256 

-3.1147 

-4.6445 

-5.2723 

-3.1828 

-1.1404 

-2.7835 

-1.0725 

-5.7087 

-0.7682 

-6.2713 

-0.3665 

-0.5063 

-4.8998 

-3.8062 

-1.8923 

-5.0725 

-2.8042 

-2.2770 

-1.3047 

-2.6664 

-2.4476 

-1.4712 

-3.2391 

-1.8610 

-1.9078 

-1.3786 

-5.9112 

-3.2542 

-4.2554 

-2.8660 

-2.4911 

-3.9824 

-6.0711 

-2.6415 

-0.5914 

0.3224 

-1.9325 

-0.3317 

-6.3405 

-2.8355 

-3.4483 

-6.5277 

-3.7930 

-3.0066 

-3.1632 

-1.4907 

-6.9081 

-4.0808 

-1.4242 

-1.8863 

-3.0419 

-3.9515 

-7.4303 

-3.8946 

-7.7990 

-1.3847 

-2.7398 

0.4764 

-5.4987 

-1.6403 

-1.8010 

-5.7248 

-2.9868 

-2.1678 

-0.4333 

-1.4445 

-1.5601 

-3.5775 

-4.7149 

-5.7476 

-3.1898 

-2.5006 

-5.1669 

-6.0614 

-2.7776 

-1.7583 

-2.6551 

-6.8723 

-0.6577 

-4.4728 

-3.5699 

-4.2161 

-0.7588 

-2.6397 

-4.8082 

-4.2520 

-4.2959 

-5.0505 

-3.2723 

-2.4281 

-5.0507 

-4.6383 

-0.6810 

1.7490 

-1.9395 

-1.3568 

-3.4604 

-6.7485 

-2.7305 

-0.4494 

-4.0375 

-2.4031 

-6.5101 

-1.5461 

-3.3679 

-5.7303 

-8.2568 

-1.0583 

-2.2608 

-1.1207 

-1.3015 

-4.0551 

-1.7660 

-4.1079 

-6.3784 

-4.0175 

0.5269 

-2.4990 

-3.3530 

-6.0136 

-3.5534 

-2.1169 

-5.3006 

-5.5310 

1.9428 

-4.4493 

-1.4719 

-2.0435 

0.9411 

-3.7353 

-1.4252 

0.4235 

-3.1754 

-2.7091 

-4.8805 

-2.0566 

-2.8693 

-5.0602 

-1.3879 

-0.8406 

-0.2529 

-2.7765 

-3.0991 

-4.0479 

-3.5606 

-3.5689 

-2.5806 

-4.7295 

-7.0680 

-0.7195 

-6.4461 

-4.2435 

-2.9823 

-6.6051 

-0.7264 

-5.3264 

-3.9678 

-2.1027 

-4.1173 

-3.0121 

1.6561 

-2.5404 

-4.5593 

-2.0525 

-2.2030 

-2.8635 

-4.2954 

-4.6562 

-2.3808 

-0.1327 

-2.3031 

-3.3721 

-1.8493 

-3.5121 

-2.4389 

1.0246 

-4.5331 

-0.0574 

-2.7685 

-2.2370 

-2.5366 

-4.6285 

-3.8893 

-8.7707 

-0.7483 

0.9695 

0.1806 

-0.9974 

-5.3023 

-5.5490 

-1.6456 

-1.8021 

-4.7530 

-2.7939 

-2.8545 

-7.1303 

-2.1532 

-2.6537 

-2.9148 

0.5855 

-0.8974 

-5.0648 

-1.6862 

-4.9937 

-3.1139 

-2.8570 

-3.1124 

-2.8420 

-5.7805 

-2.6626 

-3.8835 

-0.7558 

-3.2581 

-3.3161 

-0.0047 

-0.3034 

-0.8318 

-2.4507 

0.2097 

-2.8521 

-3.3124 

-0.8919 

-3.1533 

-4.5437 

-4.9045 

-1.1329 

-4.5543 

-2.8165 

-5.7720 

-1.9444 

0.5275 

-4.3904 

-3.1423 

-2.9244 

-1.1925 

-5.2398 

1.1449 

-0.7254 

0.1466 

-4.3487 

-2.5623 

-4.2809 

-3.0920 

-5.1477 

-3.5710 

-2.6727 

-1.4999 

-5.6716 

-3.3724 

-6.1199 

-3.6634 

2.3034 

-4.2803 

-3.2180 

-3.6514 

2.0398 

-2.0065 

-3.9248 

-0.5782 

-2.8843 

-1.4134 

-4.4410 

0.1135 

-3.8901 

-1.4450 

0.3445 

-3.3141 

-4.6903 

-5.0555 

-3.5266 

-4.2062 

-4.1016 

-2.6539 

-2.9744 

-5.2792 

-4.0780 

-0.8031 

-2.5031 

-1.6064 

-4.1435 

-6.9987 

-2.0646 

-2.0063 

-1.9898 

-5.9511 

-6.4552 

0.5383 

0.8096 

-2.7812 

-2.8815 

-4.8584 

-0.8416 

-1.9249 

-0.4553 

-2.8563 

-4.9262 

-2.8029 

-2.7407 

-6.9773 

-5.2010 

-2.0252 

-2.9267 

-6.2421 

-6.0948 

-4.5258 

-0.5490 

-2.9153 

-3.1080 

-2.5070 

-2.9158 

-3.4951 

-0.4200 

-1.5720 

-6.2882 

-2.8876 

-0.0005 

-5.0576 

-2.7764 

-4.9712 

-5.1797 

0.8015 

-1.5839 

-2.3798 

-0.3761 

-2.4730 

-4.5061 

-1.8779 

-5.6330 

-2.5448 

-1.8883 

-3.4740 

-2.5491 

-2.1104 

-0.3086 

-3.9152 

-3.2578 

-3.2791 

-4.5172 

-2.0277 

-4.4368 

0.2430 

-3.4937 

-1.3454 

-5.1104 

-5.7138 

-5.0153 

-5.9064 

-1.3848 

1.2370 

-0.5599 

-3.5033 

-4.6333 

-3.5611 

-4.2142 

2.0008 

-3.3437 

-2.4503 

-3.6781 

-2.2640 

-5.3380 

-1.1186 

-5.0229 

-5.6325 

-3.9146 

-4.7494 

-6.0795 

-5.0907 

-0.8416 

-3.6443 

-4.6181 

-1.9500 

-3.3141 

-2.8661 

-4.2077 

-0.7217 

0.6548 

0.0390 

-2.5453 

-0.9922 

-5.3141 

-3.2657 

-4.0047 

-3.5353 

-3.5784 

-1.6883 

-4.7823 

-0.4338 

-2.8804 

-1.3687 

-1.2882 

-2.0245 

-5.7573 

-5.5801 

-6.8028 

-4.9686 

-0.2722 

-3.6194 

-2.0854 

-3.4305 

-2.3687 

-1.1921 

-7.6720 

-0.5580 

-0.7663 

0.0371 

-6.8940 

1.6914 

-1.7845 

-7.1069 

-5.0363 

-3.1615 

-2.4968 

-3.9737 

-5.2388 

-1.9591 

-4.0841 

-3.2791 

-3.8955 

-4.3816 

-4.1675 

0.9043 

0.6681 

-2.7426 

-1.5793 

-2.9254 

-5.3397 

-6.2618 

-5.0991 

-4.4182 

0.1901 

-1.5384 

0.3376 

0.3241 

-2.3251 

-1.4589 

-3.5534 

-3.1980 

-4.3064 

-6.2154 

-5.0475 

-3.2376 

-6.5496 

-2.0860 

-3.6093 

-3.7781 

-2.6601 

-3.0699 

-3.2671 

-5.5651 

-3.8836 

-0.4932 

-5.0835 

-5.9443 

-4.7432 

-5.7162 

-1.3835 

1.2240 

-3.2206 

-3.8497 

-0.3374 

-5.6041 

-2.3828 

-1.4469 

-1.0297 

-4.6777 

0.1856 

-5.7640 

-1.8948 

-3.3233 

1.6620 

-0.1382 

-5.5099 

-7.2559 

-4.2066 

-4.4909 

-2.6220 

-2.4644 

-2.4574 

-1.8046 

-3.5293 

-0.8353 

-3.7555 

-3.3388 

-3.8508 

-2.9229 

-4.0259 

-1.9539 

-1.0677 

-3.1952 

-3.2340 

-3.1528 

-6.0361 

-3.3099 

-6.4735 

-3.6438 

-2.6398 

-2.8247 

-2.2247 

-4.5622 

-4.5412 

0.3139 

-2.0968 

-2.5058 

-5.4071 

-2.1827 

-3.7400 

-3.0722 

-3.0608 

-1.9298 

0.1792 

-5.1827 

-5.5864 

-5.2742 

-4.0328 

-0.2165 

-1.1239 

-3.2408 

-9.8522 

-2.5450 

-3.1212 

-4.4551 

-5.2906 

-3.8448 

-5.8764 

-4.7464 

-5.5456 

-3.7889 

-2.4149 

-1.2147 

-2.2406 

-0.1316 

-4.4859 

-2.3248 

-0.0396 

-5.4035 

1.0664 

-4.4388 

-3.3682 

-2.8340 

-1.3730 

-0.6120 

-3.0923 

-1.8872 

-2.3827 

1.4683 

-2.1432 

-3.0014 

-2.6471 

-2.8687 

-0.5333 

0.9410 

-4.1672 

-3.1423 

-0.3478 

-4.2508 

-6.2646 

-4.1962 

-3.2436 

-1.7782 

-2.8563 

-2.6454 

-6.0546 

-2.7093 

-3.8289 

-2.5713 

-1.4694 

-2.7641 

-4.0521 

-5.4194 

-5.8081 

-3.3411 

-3.5885 

-3.3126 

-1.6887 

-6.0186 

-1.7366 

-2.9391 

-3.9176 

-5.0253 

-2.1783 

-3.9207 

-4.8669 

-5.3518 

-5.2622 

-3.4872 

0.3907 

-4.7290 

-2.6895 

0.2097 

-1.3918 

-1.9188 

-4.2086 

-4.8430 

1.5091 

-1.3787 

-5.5611 

-6.7077 

-2.5445 

-3.4962 

-5.8204 

-1.3824 

-3.7406 

-2.3439 

-3.8327 

-0.8548 

-4.0521 

-3.0772 

-1.1681 

-4.3744 

-6.1098 

-2.4306 

-6.3566 

-0.9562 

-3.8289 

-6.3554 

-0.2078 

-0.0370 

-4.6363 

-3.4447 

-4.8080 

-5.8558 

-0.0719 

-1.2409 

-1.0872 

-4.0377 

-0.7418 

-3.1174 

-4.3687 

-5.0573 

-0.4218 

-2.9023 

-4.4893 

-6.3407 

-4.6163 

-1.4085 

-1.1048 

-2.5352 

-3.3197 

-5.2027 

-2.9831 

-2.5356 

-4.1383 

-5.2383 

-1.7112 

0.1819 

-3.0070 

-0.4263 

-4.1521 

-1.2463 

-3.3182 

-0.9405 

-0.1923 

-1.2765 

-2.8635 

-3.0080 

-1.4919 

-2.9052 

-5.5686 

-3.1613 

-1.5703 

-1.9640 

0.9020 

-0.8807 

-2.3492 

-1.4343 

-1.5127 

-3.8568 

-2.1969 

-3.8453 

-2.9527 

-2.9514 

-4.7317 

-6.1283 

-6.3227 

-4.8824 

-5.8267 

-1.4725 

-0.2831 

-3.6428 

-5.0197 

-2.8578 

-8.6256 

1.1527 

-1.9704 

-1.0448 

-5.5467 

-3.0480 

-0.2462 

1.1893 

-2.4201 

-2.6740 

-5.7611 

-3.3737 

-0.7492 

-5.6269 

-2.1180 

-2.4195 

-8.4767 

-1.9877 

-2.8069 

-3.2809 

-2.2176 

-3.8102 

0.5294 

-1.7237 

-3.6048 

-3.8574 

-1.9375 

-3.8801 

-1.9139 

-2.8621 

-4.5850 

-6.4264 

0.0543 

-3.3529 

-3.5044 

-1.9510 

-4.2923 

-1.3198 

0.7887 

-3.2207 

-2.7582 

-2.6223 

-4.6682 

-4.9051 

-3.2142 

-3.2883 

-5.6896 

-3.0664 

-1.9567 

-4.5698 

-3.6543 

-1.3453 

-3.1393 

-5.2639 

-0.4346 

-5.5174 

-3.7907 

-2.9523 

-3.6103 

-5.3303 

-4.6101 

-2.5155 

-1.3410 

-0.6561 

-1.9819 

-2.9902 

-3.3887 

-4.7884 

-5.0270 

-3.7520 

-2.8059 

-1.0224 

1.9008 

-1.2914 

1.0457 

-6.3102 

-5.4042 

-2.1626 

2.0270 

-3.1347 

-3.4401 

-2.6202 

-1.8368 

-7.0777 

-3.7135 

-6.8838 

-2.5712 

-1.4128 

-5.9756 

-3.0966 

-3.7960 

-3.7678 

-3.0198 

-4.2863 

-2.5134 

-3.0020 

-5.0977 

-2.3449 

-2.7116 

-4.3281 

-3.7042 

-6.1837 

-0.1594 

-3.6109 

0.9034 

-4.8869 

-2.5154 

-3.2346 

-0.8972 

-2.5876 

-5.0714 

-2.5886 

-1.1579 

-4.3738 

-4.7156 

-1.7828 

-3.1334 

-2.5323 

-0.1044 

-2.5727 

-3.0314 

-1.0474 

0.8459 

-5.7074 

-3.2049 

-2.9026 

-2.8191 

-1.6743 

-1.6725 

-2.7447 

-1.0785 

-2.8170 

-3.3139 

-3.9868 

0.7863 

-2.9118 

-3.4155 

-1.8831 

-0.2106 

-2.7130 

-1.2794 

-2.3012 

-2.4615 

-1.9947 

-2.3889 

-0.9193 

-2.0988 

-5.0140 

-3.4443 

-5.2099 

-2.3923 

-3.7154 

-4.1632 

2.1605 

-1.6300 

-4.0334 

1.7910 

-2.2930 

-1.4220 

-4.8008 

-1.8404 

-4.1086 

-2.6703 

-2.7677 

-4.3270 

-5.3575 

-4.3938 

-0.7013 

-1.5299 

-3.9154 

-4.3925 

0.6615 

-3.8735 

-1.9457 

0.8695 

-2.8833 

-6.9409 

-6.2441 

-3.3733 

-1.1316 

-3.1548 

-2.2215 

-0.5346 

-2.4636 

-1.8757 

-4.6740 

-5.8004 

-5.3647 

-4.8160 

-0.3967 

-1.7528 

-2.4010 

-4.5033 

-5.0626 

-4.5374 

-0.7301 

-4.6035 

-1.8279 

-6.8110 

-0.3349 

-3.3855 

-2.6451 

-0.4000 

-5.9661 

-3.3715 

-3.8221 

0.4514 

-6.1596 

-2.5258 

-4.4143 

-2.3501 

-1.2494 

-2.4636 

-2.7940 

-3.0606 

-4.9772 

-1.2721 

-4.5311 

-5.1150 

-2.2494 

-1.8140 

-4.0068 

-3.4078 

-1.2929 

-2.6442 

1.1099 

-1.3042 

-2.5959 

-3.7366 

-4.0390 

-0.5843 

-1.9433 

-1.7732 

-5.5924 

-3.0421 

-0.7660 

-6.0592 

-2.1234 

-1.5385 

-0.2385 

-1.9890 

0.8210 

-1.0261 

-2.0210 

-4.8398 

-2.8558 

-0.1831 

-3.9938 

-3.3614 

-3.9226 

0.2331 

-3.5236 

-3.1004 

-5.8378 

-3.4084 

-4.6303 

-5.5374 

0.3928 

-2.5991 

-0.3410 

-3.5276 

-2.2383 

-4.4348 

0.8589 

0.5169 

-1.7028 

-6.2144 

-8.4576 

-0.8754 

-0.1352 

-4.4717 

-0.9779 

0.1491 

-4.7000 

-0.2393 

-0.9725 

-4.3481 

-3.6178 

-5.1998 

0.1923 

-0.6002 

-4.0988 

-3.5951 

-5.5580 

1.0615 

-4.9435 

-5.7991 

-2.1097 

-2.6968 

-4.1328 

-4.0965 

-1.6578 

-5.3053 

-4.5888 

1.2544 

-2.2014 

-6.3794 

-1.5928 

-5.8539 

-6.1508 

-3.9504 

-5.1981 

-6.5157 

-0.5084 

-1.6931 

-3.7516 

-4.3066 

-0.7009 

-3.9507 

-5.1597 

-3.1606 

-2.8525 

-1.8264 

-3.8264 

-4.1416 

-2.6437 

-2.1891 

-1.1200 

-4.7981 

-2.0672 

-6.5632 

-3.0290 

-0.9192 

-6.4308 

-4.9010 

-4.5109 

-3.3560 

-0.1110 

-2.2062 

-3.1025 

-2.6863 

-4.6118 

-3.3900 

-2.8022 

-1.7838 

-3.7064 

-3.9020 

-0.8733 

-2.7008 

-3.3536 

-2.1322 

-5.1074 

-2.6876 

-4.8771 

-6.0953 

-0.9567 

0.1057 

-6.2324 

-0.4026 

-0.9342 

-2.2089 

-0.1366 

-4.1706 

-1.1026 

-1.0376 

-6.6801 

-3.7267 

0.6836 

-2.0026 

-2.9272 

-5.7688 

-3.3788 

-5.0396 

-4.3965 

-5.6556 

-1.9615 

-4.4321 

-5.4257 

-6.3076 

-4.5393 

-4.9003 

-5.6340 

-3.2609 

-4.0146 

-4.5346 

1.0457 

1.0812 

-6.8235 

-1.1226 

-4.6829 

-0.4461 

-1.8051 

-3.7062 

-2.9283 

-0.6538 

-2.9872 

0.0013 

-3.8535 

-3.4250 

-2.9616 

-5.3669 

-1.4856 

-2.3119 

-2.0611 

-4.0597 

-3.8869 

-3.4423 

-3.0564 

0.3397 

-4.1530 

-3.3358 

-2.5575 

-2.7671 

-4.3744 

-2.0062 

-1.3363 

-2.4459 

-4.6115 

-3.4816 

-2.6454 

-4.2695 

-6.7112 

-2.1052 

-2.0471 

-0.4396 

-4.3361 

-4.1777 

-5.6349 

-4.1349 

-4.2660 

-3.3738 

-3.3285 

-5.2430 

-3.1015 

-2.6548 

-5.6249 

-2.9107 

-0.5867 

-4.4117 

1.4656 

-5.9382 

-1.7173 

-2.0507 

-0.7838 

-1.3817 

-3.3810 

-4.9591 

-0.8284 

-4.6571 

-1.5844 

-4.2142 

-2.6677 

-2.8340 

-3.5632 

-1.3969 

-2.7567 

-2.0001 

-5.7238 

-2.6715 

0.7683 

-2.4332 

-2.1096 

-2.0391 

-2.4542 

-6.0763 

-4.2870 

-6.6123 

-4.5181 

-6.3134 

-0.1121 

-0.2357 

-1.3935 

-4.0714 

-2.6036 

-0.8627 

-2.2243 

-4.0522 

-2.2272 

-6.5910 

-5.4952 

-2.3800 

0.2664 

-3.8938 

-3.8600 

-5.2275 

-1.3097 

-1.7077 

-4.4086 

-2.8888 

-1.7136 

-6.7664 

-2.6888 

-0.6988 

-6.1558 

-1.2238 

-0.0651 

-0.1335 

-1.5329 

-2.0457 

-3.5598 

-0.8747 

-4.6732 

-1.2923 

-5.2597 

-4.4622 

-2.8323 

-5.2762 

-3.7537 

-0.3800 

-7.2952 

-0.8854 

-2.6642 

-3.1286 

-2.3198 

-3.3045 

-2.2731 

-5.5653 

-4.5399 

-3.9306 

-5.1716 

-3.5845 

-1.8611 

-2.4214 

-3.3976 

-5.0263 

-1.5240 

-1.9660 

-0.7964 

0.3344 

0.6173 

-1.1061 

-3.3600 

-4.8050 

-4.2222 

-5.1320 

-2.8871 

-2.6868 

-0.0076 

-3.4102 

-3.7877 

-4.8161 

-1.2411 

2.0553 

-1.7877 

-1.2577 

-1.9346 

-1.9104 

-4.6356 

-2.6881 

0.1303 

-5.0525 

-0.7828 

-1.7721 

-2.3746 

-0.5535 

-4.2787 

-5.7842 

-4.9422 

-4.3733 

-4.0581 

-0.6280 

-1.5965 

-5.2709 

-4.6946 

-5.0287 

-2.6986 

-4.9636 

-0.1591 

-4.4505 

-5.6862 

-5.1423 

-2.4608 

-4.1176 

-2.8216 

-4.5751 

-3.9956 

-2.0032 

-2.4915 

-5.4943 

-3.4438 

-0.9172 

-1.2232 

-3.6120 

-4.7862 

-7.5823 

0.1501 

-4.7777 

-4.8805 

-3.7119 

-6.1490 

-0.1709 

-3.2455 

-5.3137 

-1.8115 

-1.1653 

-7.7952 

-8.6514 

-3.2700 

-1.4737 

-2.3120 

-4.6970 

-2.7203 

-2.0905 

-2.5579 

-3.5541 

-3.0211 

-2.5656 

-2.9045 

-4.6172 

-2.0156 

-3.8547 

-5.0985 

-2.7426 

-1.5754 

-3.8336 

-2.3979 

-0.7780 

-4.8410 

-3.0168 

-1.6635 

-2.7738 

-6.4115 

-0.3219 

-3.4251 

-1.8921 

-0.8782 

-0.2557 

0.5815 

-2.7941 

-0.2416 

-4.0534 

1.3215 

-2.9226 

-5.3160 

-2.9106 

-3.6139 

-1.3055 

-1.7711 

-1.9415 

-0.6359 

-0.9488 

-7.4158 

-1.2788 

-3.3420 

-1.7117 

-3.9971 

-3.4667 

-4.3529 

-5.4585 

-3.3689 

-2.8093 

-3.5564 

-6.4223 

-0.9404 

-2.7547 

-2.3100 

-1.3981 

0.5087 

-1.6837 

-1.7583 

-0.5302 

-1.9020 

-1.9947 

-5.2401 

0.3896 

-4.8745 

-5.4124 

-6.5916 

-6.0899 

-1.5297 

-6.2413 

-4.0874 

-3.8772 

-2.1388 

-3.6705 

-0.6474 

1.6784 

-3.6412 

-3.9160 

-3.4602 

-4.4242 

-3.0455 

-2.5349 

-1.0795 

-4.9400 

-2.4855 

-1.7626 

-4.1615 

-2.8320 

-3.6884 

-3.6651 

-5.6461 

-1.3004 

-2.8646 

-6.8654 

0.9906 

-4.1740 

-2.7074 

-4.3177 

-5.7342 

-1.8858 

-1.0606 

-1.9737 

-5.6014 

-3.9151 

-4.1129 

-3.2480 

-3.9302 

-0.9211 

-2.6914 

-4.3450 

-2.5858 

-6.8536 

-3.8704 

-0.1603 

0.8926 

-5.3321 

-1.1807 

-3.0436 

-2.0624 

-2.9536 

-6.1099 

-4.6654 

-4.2287 

0.9774 

-4.4570 

-0.7426 

-5.6156 

-3.6548 

-6.8296 

0.1828 

-1.0113 

-3.8102 

-1.4497 

-3.2844 

-4.8743 

-5.7865 

-3.8320 

-2.3925 

-2.7237 

-4.1604 

-3.0161 

0.4770 

-1.8323 

-0.5336 

-3.8909 

0.0792 

-5.6142 

-0.6833 

-0.2775 

-6.2141 

0.2161 

-2.9173 

-2.7749 

-6.7781 

-3.8537 

-4.4959 

-3.2140 

-2.3812 

-1.9031 

-5.5213 

-3.0753 

-0.6245 

-5.1296 

-2.9101 

-4.3082 

-3.5722 

-3.1136 

-3.0305 

-0.0084 

-2.0441 

-1.3109 

-2.0110 

-2.4668 

-2.4892 

-1.0432 

-3.7147 

-3.3617 

-3.9815 

-4.0191 

0.0921 

-1.7962 

-5.3803 

-2.0890 

-1.7098 

-6.4080 

-5.9850 

-2.0047 

-3.1060 

-7.3980 

-4.3858 

-2.3512 

-3.1997 

-5.3552 

-5.2340 

-3.1800 

-0.2071 

-5.8811 

-6.6487 

-0.6465 

-3.5672 

-3.0430 

-6.4560 

0.1159 

-3.4580 

-1.2419 

-5.0517 

-3.6379 

-2.2434 

-6.9294 

-1.1745 

-2.0904 

-4.5880 

-2.4253 

-6.4046 

-1.5814 

-5.3437 

-7.4144 

-5.9180 

-1.4108 

-2.1220 

-1.3036 

-3.2499 

-3.8011 

-5.0317 

-3.1126 

-5.5074 

-2.0884 

-2.6911 

-3.7186 

-2.7363 

-6.6369 

-4.7099 

-2.8732 

-1.9012 

-2.0821 

-1.1561 

-4.9282 

-0.8190 

-0.5141 

-7.4433 

-1.2511 

-1.7116 

-5.9707 

-3.1033 

-5.0088 

-2.7623 

-2.7400 

-3.5280 

-4.2881 

-3.0186 

-5.0936 

-1.5630 

-3.6778 

-0.8983 

0.4944 

-2.4964 

-1.6063 

-3.7893 

-5.4159 

-4.8902 

0.0994 

-2.9447 

0.6650 

0.2573 

-5.6034 

-3.2685 

-2.5033 

-2.0831 

-0.9662 

-4.9296 

-5.8389 

-4.1162 

-3.7311 

-3.2733 

-2.4856 

-5.2305 

-0.3186 

-4.7711 

-2.7023 

-1.8416 

-6.1108 

-8.2418 

-1.3192 

-3.1830 

-4.2472 

-5.1346 

-2.9638 

-2.0998 

-2.3696 

-5.1574 

-3.2880 

0.7185 

-3.2886 

-5.2113 

0.4672 

-2.2271 

-2.1904 

-1.5605 

-5.6021 

-3.9789 

-0.8235 

-0.6472 

-2.3299 

-6.2244 

-0.4419 

-2.3506 

-0.8424 

-0.8488 

2.6941 

-7.4979 

-2.2158 

-1.2738 

-1.7269 

-2.8776 

-2.1632 

0.4892 

-3.8188 

-3.4865 

-3.7016 

-2.8697 

-1.7460 

-0.5931 

-1.8592 

-4.9280 

-0.3511 

-4.2362 

-3.3058 

-0.1190 

-5.1384 

-3.3859 

-6.1866 

-3.3131 

-2.1082 

-0.8812 

-4.7694 

-4.0811 

-2.9817 

-0.3188 

-1.7777 

-3.5715 

-2.3010 

-3.1857 

-1.1092 

-4.5041 

-5.0124 

0.3135 

-3.0973 

-1.9046 

-2.6050 

-5.5286 

-2.0104 

-5.1384 

-3.9485 

-2.9686 

-2.8399 

-2.5706 

-4.2607 

-2.6312 

-3.5535 

-0.8369 

-2.2074 

-2.3132 

-2.2940 

-2.9753 

-3.5321 

-5.3834 

-3.9863 

-2.8566 

-5.1962 

-1.2659 

-5.3000 

-0.4432 

-2.5074 

-4.5080 

-3.8767 

-4.0972 

-1.6754 

-2.8439 

-2.2661 

-0.3855 

-0.5742 

-6.1700 

-2.6965 

-2.6044 

-1.6341 

-5.1810 

-5.0376 

-6.2004 

0.4644 

-4.1222 

-4.0938 

-2.3826 

-5.1628 

-1.0194 

-2.9130 

-2.1382 

-1.9760 

-4.9686 

-1.8124 

-2.9704 

-4.3906 

-1.2279 

-4.6523 

-0.3594 

-1.2106 

-2.9383 

-0.5135 

-6.0288 

-4.8360 

-5.2275 

-0.2240 

-4.4882 

-1.2421 

-3.7565 

-3.4546 

-2.1699 

-4.0624 

-1.6803 

-3.2343 

-4.4409 

0.5752 

-6.0673 

-0.5396 

-3.0151 

0.8317 

-1.6881 

-3.1140 

-3.6958 

-4.1339 

-2.8471 

-1.9806 

0.3937 

-2.0375 

-2.2508 

-2.4446 

-5.1868 

-1.3398 

-2.4016 

-1.3512 

-2.0859 

-0.0745 

0.1597 

-1.2200 

0.5688 

-3.9666 

1.8205 

-4.2025 

-3.7334 

-1.3493 

-0.2695 

-4.9546 

0.9272 

-5.6504 

-5.1777 

-1.1683 

-2.7074 

-2.8743 

-2.2145 

-1.0954 

-3.4697 

-5.3163 

-5.9221 

-0.7509 

-4.3833 

-6.8272 

0.2690 

-2.6625 

-0.5052 

-3.4541 

-2.4848 

-2.2469 

-3.8217 

-2.7306 

-2.6829 

-2.5098 

-2.7696 

-6.0450 

-6.2853 

-1.3670 

-7.0461 

-3.6753 

-5.3013 

-2.6679 

-1.8273 

-4.3047 

-5.1228 

-4.8372 

-5.1456 

-2.6308 

-4.2406 

-4.9609 

-2.1836 

-4.8896 

-1.2867 

-2.0501 

-3.8010 

-3.4661 

-6.3420 

-7.3170 

0.4793 

-3.9952 

-3.3297 

-1.9417 

-4.3231 

-5.4724 

1.0063 

-0.2318 

-2.4832 

-2.1865 

-3.1534 

-2.5018 

-5.4201 

-3.1265 

-2.2998 

-3.1944 

-2.6919 

-3.7759 

-0.5798 

-3.2455 

-3.4418 

-0.8586 

-3.5731 

-1.9181 

-3.7362 

-2.8008 

-0.2150 

-4.0383 

-5.8995 

-6.1250 

-2.5981 

-5.6865 

-4.4493 

-4.6285 

-2.5197 

-2.5477 

-3.1403 

-1.6780 

-3.2396 

-1.3161 

-3.4741 

-5.0557 

-4.8350 

-2.9098 

-1.5463 

-1.6648 

-6.5198 

0.3912 

1.3973 

0.0409 

-3.3941 

-5.8914 

-4.0752 

-5.7015 

-3.3467 

-2.9683 

-5.1873 

-1.4010 

-1.2264 

-3.7939 

-5.4819 

-4.1949 

-5.4689 

-1.6257 

-3.4764 

-1.7606 

-5.7127 

-4.1554 

-4.6112 

-1.1629 

-3.6983 

-5.7163 

-4.2656 

-0.5592 

-5.4707 

-1.5255 

-2.0960 

-3.7133 

-3.2467 

-7.9904 

-3.3774 

-4.2001 

-1.8546 

-6.2008 

-0.7833 

-3.7955 

-3.6076 

-0.7337 

-3.6124 

-4.5985 

-4.4459 

-0.0018 

-1.1950 

-2.4503 

-1.2023 

-7.4360 

1.6418 

-4.2466 

-3.7467 

-6.5760 

-4.7954 

-3.6695 

-1.9300 

-0.9376 

-0.1785 

-5.0565 

-2.2246 

-2.3620 

-8.3871 

-4.2200 

-2.7461 

-2.6990 

-3.0211 

-3.8720 

-0.9834 

1.1496 

-5.8940 

-6.5109 

0.8882 

-4.3813 

-5.0192 

-3.7995 

-4.0193 

-4.0857 

-2.4252 

-2.6539 

0.8861 

-4.4300 

-0.9035 

-2.6352 

-2.2615 

-9.4597 

-3.8348 

-2.9415 

-1.0190 

-3.6294 

-1.6341 

-2.2049 

-2.2157 

-3.9324 

-2.3422 

-5.5143 

-3.7892 

-3.6698 

-2.8978 

-6.0638 

-0.5984 

-1.4710 

-3.8789 

-0.9156 

-1.6991 

-3.0595 

-1.0761 

-2.4726 

-1.9280 

-6.7110 

-1.8519 

-0.4100 

-3.7265 

-5.1499 

-3.1087 

-1.3490 

-3.2353 

-3.9569 

-2.2450 

-6.5703 

-4.1962 

-5.2834 

-5.4015 

-4.5762 

-4.3584 

-5.9854 

-4.6558 

-2.5542 

-7.2244 

-0.7244 

-3.7442 

-3.8189 

-3.1520 

-7.3231 

0.5602 

-2.6384 

-7.0826 

-1.0687 

-4.7029 

-3.1529 

-1.8148 

-3.8107 

-2.2515 

-2.3005 

-4.5141 

-5.2226 

-3.2600 

-4.3430 

-2.0487 

-5.2334 

-0.8330 

-4.8360 

-2.7876 

-4.1106 

-4.6562 

-4.1571 

-1.2729 

-3.3010 

-0.4960 

-0.5471 

-2.7855 

-2.5565 

-0.7823 

-1.8983 

-3.6913 

-3.7051 

-6.4517 

-5.6705 

-2.9100 

-2.2462 

-2.0504 

-3.9059 

-3.8919 

1.2798 

-1.0378 

-2.4729 

-5.4628 

-4.4663 

-2.4695 

-5.0845 

-3.1439 

-4.0012 

-2.6897 

-1.2588 

-4.1623 

-1.9280 

-3.3586 

-2.7850 

-1.9962 

-1.6371 

-7.9717 

-5.9775 

-0.0560 

-8.8392 

-5.5198 

-4.9437 

-5.1208 

-2.8491 

-5.2447 

-4.1489 

-2.7269 

-0.6141 

-3.5824 

-4.2033 

-5.4480 

-3.7898 

-1.6889 

-0.7503 

-3.5269 

-3.5306 

-0.0737 

-1.1979 

-0.8996 

1.8654 

-3.7543 

-0.8813 

-7.7249 

-3.9739 

-2.2716 

-0.4226 

-2.6941 

-7.3745 

0.3397 

-5.9672 

0.8420 

-3.3951 

-1.9864 

-4.8177 

-1.8449 

-1.6411 

-4.3674 

-1.7392 

-0.7068 

-0.9555 

-1.8917 

-4.2360 

-9.1771 

-4.2007 

-3.0257 

-2.5161 

-2.5662 

-2.6277 

-1.2828 

-6.3666 

-4.1550 

-1.3249 

-1.9472 

-1.6644 

-2.7648 

-5.5829 

-4.4057 

-5.3084 

-3.4240 

-9.0351 

-2.4728 

-2.9244 

-4.8308 

-4.8430 

-1.6045 

-2.1266 

-3.7961 

-3.3800 

-1.3874 

-4.5575 

-1.1887 

-2.7964 

0.1145 

-2.0833 

-3.2890 

-4.9106 

-4.1475 

-1.7639 

-5.2039 

0.0604 

0.6831 

-2.8796 

-5.5100 

-3.2729 

-3.9439 

-2.0652 

-6.2959 

-3.9532 

-2.1178 

0.2602 

-0.1867 

-3.5472 

-1.3139 

-1.2345 

-3.3152 

-1.3454 

-4.3910 

-2.4154 

-2.2785 

-4.8578 

-1.3618 

-2.9903 

-2.4136 

-5.1232 

-1.6497 

-3.4736 

-1.8877 

-1.8312 

-4.0009 

-2.3044 

-4.1130 

-5.2225 

-3.5407 

-3.7169 

-5.5787 

-4.8677 

-2.4432 

-5.9249 

0.3394 

-2.5414 

-1.2266 

-1.0840 

-1.4674 

-4.3287 

-4.8446 

-2.0311 

-7.6667 

1.8815 

-5.1876 

-1.3043 

-1.6330 

-6.1620 

-6.4644 

-7.0535 

-5.9840 

-5.7511 

-3.7796 

-5.1474 

-1.1795 

-0.7064 

-5.3254 

-0.3681 

-3.2003 

-5.3825 

-1.6064 

-0.4537 

-4.3278 

-0.7080 

-2.9013 

-3.3573 

-1.1672 

-5.2003 

-5.3825 

0.0093 

-1.9378 

-4.6529 

-5.0237 

-1.4935 

-4.0395 

-2.0384 

-1.3126 

-4.0318 

-5.8003 

-3.1877 

-1.6899 

-4.1469 

-2.5765 

-3.4468 

0.3912 

-7.1055 

-5.0409 

-6.2409 

-5.2098 

-3.3004 

-4.4634 

-1.6823 

-7.6529 

-5.0346 

-0.8253 

-4.9266 

-2.9650 

-1.1845 

-5.3026 

-4.9004 

1.4208 

-7.5481 

-2.5406 

-3.0320 

-7.1592 

-1.7675 

-2.4215 

-2.8174 

-3.5530 

-3.3525 

-3.8339 

-5.6779 

-4.4354 

-2.5013 

-1.1056 

-0.6662 

-3.8782 

-2.3785 

-1.9136 

-1.4524 

-4.4403 

-0.1082 

-4.3378 

-1.3822 

-3.5295 

-3.3317 

-2.4181 

-0.9649 

1.6764 

-0.8581 

-2.5956 

-4.7340 

-3.0912 

-5.6507 

-1.2991 

-3.5269 

-0.0925 

-0.7876 

-4.6917 

-7.3015 

-2.6174 

-0.3988 

-3.4943 

-3.1334 

-1.3861 

-1.0982 

0.5444 

-0.0436 

-2.7709 

-3.7749 

-3.4452 

-3.6726 

-5.0772 

-1.5011 

-7.6292 

-5.5162 

-3.4735 

-4.8010 

-6.4064 

-4.9235 

-2.0644 

-2.0401 

1.0541 

-5.2366 

-1.0396 

-5.0205 

-4.7614 

0.0678 

-5.6501 

0.4378 

-2.9663 

-4.1006 

-3.3646 

-3.6687 

-2.5570 

-5.5932 

-3.1083 

-5.9008 

-5.4068 

-2.2045 

-3.7683 

-2.4674 

-1.4034 

-4.2334 

-5.2170 

-7.3977 

-1.3118 

-5.4491 

-2.9954 

-4.6871 

-2.6747 

-0.7386 

-0.9289 

-2.6187 

-3.1536 

-1.9161 

-2.0773 

-1.5561 

-4.9952 

-1.5174 

-5.7349 

-0.4320 

-1.8116 

-3.6449 

-2.8553 

-3.4855 

-0.1280 

-2.5959 

-1.7181 

-1.0950 

-1.5233 

-6.8379 

-4.5137 

-2.1643 

-1.6788 

-3.8085 

-3.1805 

-2.3566 

-0.4273 

-4.6175 

-1.9817 

-3.3863 

-2.5844 

-1.9018 

-3.4775 

-2.4729 

-4.3719 

-1.4553 

-5.4774 

-3.5563 

-2.9831 

-5.0101 

0.4185 

-2.5651 

-5.3562 

-3.3000 

-5.8126 

-5.5475 

0.3759 

-2.9344 

-3.4953 

-2.8992 

-0.4488 

-5.0387 

-6.4318 

-3.3153 

-3.9787 

-0.8214 

-1.7444 

-2.7664 

-4.0813 

2.5706 

-3.6507 

-5.4633 

-4.4342 

1.4523 

-1.9778 

-3.1749 

-1.2549 

-3.9530 

-5.6526 

-1.6169 

-5.7609 

-5.2773 

-5.8032 

-3.2332 

-1.8809 

-5.0982 

-3.3083 

-2.2322 

-2.9916 

-2.6055 

-2.5002 

-1.4667 

-3.0163 

-3.5201 

-1.5269 

0.8016 

-3.5455 

-1.2834 

-4.1555 

-4.0522 

-4.3193 

-3.2991 

-4.9615 

-5.2124 

-0.4591 

-1.5488 

0.6998 

-2.0115 

-0.5721 

-6.3892 

-3.1113 

-4.2136 

-3.1770 

-1.9812 

-6.5693 

-5.0383 

-4.9082 

-2.6504 

-6.0131 

-1.5739 

-2.3959 

-1.9113 

-1.2863 

0.3067 

-3.9108 

-5.3664 

-4.9692 

-2.7504 

-0.3185 

-1.5651 

-1.4032 

-1.5854 

-1.6843 

-1.9711 

-0.4095 

-5.9375 

-6.0202 

1.7471 

-3.1782 

-4.6858 

-2.9936 

-4.5603 

-4.1984 

-1.9186 

-1.8265 

-5.6972 

-2.6312 

-4.8337 

-2.1335 

-6.6136 

-2.9981 

-2.8523 

-4.4696 

-3.7269 

-1.2284 

-2.2009 

-1.1064 

-0.0975 

-4.2799 

-0.7014 

-1.5654 

-5.8574 

-2.1103 

-2.4382 

-5.0783 

-2.7834 

-2.3638 

-4.7214 

-0.3835 

-1.6165 

-3.0403 

-5.9855 

-5.7576 

-2.4922 

-4.8153 

-5.4518 

-4.1823 

-3.2226 

0.7240 

-2.0218 

-2.4211 

0.0029 

-3.9907 

-1.8937 

-2.6382 

-3.7986 

-5.6343 

0.8159 

-5.0983 

-3.4477 

-4.5512 

1.5101 

-2.7057 

-5.6134 

-0.8176 

-3.4218 

-4.9622 

-1.3071 

-3.3344 

2.1990 

-2.5610 

-5.1462 

-4.8119 

0.4379 

-4.7031 

-5.1925 

-5.7827 

-4.0347 

-2.9504 

-4.2804 

-1.1437 

-2.4389 

-2.2446 

-2.6085 

-2.8299 

-1.0470 

-4.6864 

-1.3688 

-6.0693 

-5.6967 

-2.1495 

-0.9849 

-2.6308 

-2.4270 

-3.1627 

-5.9388 

-2.8795 

-3.2065 

-3.8274 

-2.7190 

0.8699 

-4.5624 

-3.6776 

-0.5967 

-6.0771 

-1.2427 

-5.2284 

-4.1778 

-8.1239 

-3.6622 

-6.2792 

-0.4750 

-0.9276 

-0.5033 

-1.6540 

-0.2912 

-6.0464 

-6.7376 

-0.4281 

-1.5273 

-1.0390 

-2.3138 

-2.9844 

-2.8425 

-5.2943 

-4.9449 

-7.3683 

-1.7639 

-7.2672 

-2.9739 

-1.0627 

-3.6687 

-3.6578 

-4.9040 

-2.6057 

-5.1371 

-4.2565 

-1.0525 

-4.1456 

-4.5461 

-4.1727 

-1.0556 

-1.1770 

-5.5472 

-2.8005 

-0.5507 

-2.0428 

-3.8603 

-1.3631 

-4.9981 

-2.7161 

-4.3892 

-2.2229 

-4.1886 

-4.4231 

-2.9014 

-5.2625 

-2.8335 

-2.3495 

-2.9611 

-0.0077 

-6.0699 

-6.5381 

-3.0115 

-2.2324 

-2.6883 

-2.1855 

-2.4901 

-3.5396 

-1.6634 

-0.8599 

-2.8073 

-4.5718 

-1.9437 

-2.0212 

0.4689 

1.3684 

-6.1089 

-1.8550 

-4.2477 

-2.0235 

-1.8706 

-4.3435 

-3.1207 

-1.2664 

-6.7388 

-1.6793 

-2.6406 

-5.8598 

-1.2277 

-6.2503 

0.1148 

-1.8109 

-7.3145 

-3.9884 

-0.0555 

0.1227 

-2.4700 

-4.2414 

-5.7272 

-4.3457 

-4.6529 

-2.9332 

-6.0207 

3.3204 

-2.1793 

-2.0920 

-4.8135 

-6.2298 

-3.9660 

-3.2850 

-6.9652 

-3.7708 

-7.1129 

0.1974 

-2.7885 

-6.6679 

-4.0648 

-2.2133 

-1.6807 

-3.4797 

4.1460 

-1.7582 

-1.9043 

-6.3471 

-0.1360 

-4.8299 

-4.9849 

-2.0581 

-1.8850 

-6.2022 

-1.8704 

