-0.9433 

-7.9346 

-5.2971 

-3.1362 

-3.4837 

-3.7761 

-1.2904 

0.4923 

-1.0240 

-4.2380 

-2.5725 

0.6669 

-1.2296 

-1.5638 

-4.2017 

-4.7007 

-3.3268 

-0.4115 

-4.1471 

-1.7764 

-4.0395 

0.1871 

-5.5777 

-1.5036 

-1.8980 

-2.8149 

-7.0758 

-1.8795 

-3.3166 

-1.4390 

-2.6046 

-0.9061 

-3.9315 

-7.3013 

-1.3232 

2.9973 

-4.2967 

-6.5863 

-1.6977 

-4.5009 

-3.2231 

-2.2751 

0.4146 

-2.0391 

0.5931 

-1.3845 

0.3768 

-3.8685 

-5.7210 

-5.1393 

-3.4917 

-3.5520 

-3.1351 

-0.7008 

-1.1881 

-2.6351 

-5.4622 

-1.4303 

-6.8463 

-3.5492 

-8.2428 

-4.1157 

-3.3842 

-5.3336 

-3.6127 

-2.8831 

-3.5422 

-3.8114 

-2.1992 

-3.1719 

-5.2343 

-2.8609 

-0.3519 

-3.5225 

-4.0661 

-4.1334 

-3.5239 

-3.2953 

-0.5948 

-1.4602 

-0.2624 

-0.0524 

-4.1244 

-1.1535 

-1.5047 

-1.4570 

-4.2534 

-0.8208 

0.3558 

-4.2404 

-3.7855 

-3.7560 

-3.9568 

-5.0693 

-3.5194 

-5.2854 

-3.1003 

-4.4741 

-2.4829 

-2.3349 

-4.0326 

-2.9099 

-0.9629 

-2.3927 

-0.9203 

-4.3354 

-2.8711 

-1.7786 

-4.5484 

-4.0449 

-6.3009 

-2.1793 

-5.0036 

-5.1345 

4.0203 

-1.3764 

-2.9034 

-2.7073 

-2.6862 

-1.2112 

0.0678 

-2.8340 

-5.5600 

-1.8531 

-3.8771 

-6.3059 

-5.5884 

-2.3870 

-4.8110 

-2.6623 

-5.1593 

1.6474 

-1.3376 

-6.6217 

-1.7411 

-3.9548 

-3.1852 

-4.4048 

-3.8758 

-2.6848 

-1.0997 

-4.4955 

-2.8048 

-1.8172 

-2.1397 

-2.7249 

-2.0865 

-6.8892 

-2.7741 

-3.2424 

-2.2032 

-2.2860 

-4.2870 

-2.4641 

-1.6659 

-1.4038 

-5.2342 

-3.7204 

-3.0804 

-1.0543 

-3.9076 

-2.0466 

-4.1571 

-3.1336 

-1.7733 

-2.3985 

-2.2855 

-3.8956 

-3.6449 

-5.6726 

-1.5515 

-1.4531 

-4.3670 

-3.0747 

-2.1619 

-4.5142 

-6.5845 

-3.2129 

-3.6090 

-3.0002 

-6.6364 

-5.9856 

-4.2921 

-3.2762 

-0.1728 

-1.9558 

-2.2832 

-2.3257 

-2.5836 

0.0230 

-2.6158 

-3.2610 

-7.3719 

-1.6843 

-6.5231 

-6.3434 

-3.7445 

-5.9729 

-4.9614 

-0.9320 

-2.2403 

-4.2146 

-2.6915 

-2.0570 

-2.4627 

-6.5949 

-2.6087 

-0.1463 

1.8611 

-5.4436 

-2.4777 

-1.9487 

-1.8216 

-3.9015 

1.3395 

-3.9276 

-4.6175 

-2.3088 

-3.1438 

-3.1794 

-0.1743 

3.0542 

-1.3837 

-2.1555 

-2.5694 

-6.1460 

-1.5045 

-2.9961 

-5.7704 

-1.8043 

-0.6752 

-1.1069 

2.1893 

-4.2091 

-0.2825 

-4.3038 

-4.4597 

-1.8964 

-3.6045 

-2.7336 

-1.7727 

-3.3852 

-3.8096 

-3.9367 

-5.0508 

-2.5883 

-2.1714 

-3.1987 

-3.3572 

-6.1691 

-3.2682 

-0.6745 

-3.2511 

-1.7641 

-3.5655 

-3.9968 

-1.8052 

-4.7545 

-3.0092 

-1.8235 

-2.8376 

-1.2953 

-3.8382 

-1.2535 

-0.0889 

-6.3159 

-4.5594 

-3.6463 

1.5430 

-4.1904 

-6.4693 

-0.2272 

-3.2461 

-0.3780 

-3.9215 

0.5078 

-0.5609 

0.9237 

-2.1244 

-5.3161 

-2.4329 

-6.8117 

-1.9269 

-6.2594 

-2.9085 

-4.2395 

0.2426 

-6.6211 

0.4665 

-2.4871 

-1.8556 

-5.5963 

-2.4885 

-1.9557 

-3.5799 

-5.3239 

-2.2493 

-3.2804 

-0.7985 

-3.0302 

-4.2245 

-2.2926 

0.2768 

-3.4125 

-2.4605 

2.6811 

-3.7537 

-4.0792 

-0.5448 

-6.2792 

-0.4559 

-0.2647 

-0.9987 

-3.9387 

-2.9023 

-4.3009 

-4.2065 

-0.2365 

0.1640 

-7.0372 

-3.5890 

-5.6143 

-1.4369 

0.1384 

-3.8739 

-3.8189 

-2.3187 

0.0401 

-5.6465 

-0.7633 

-3.9586 

-4.8306 

-4.5014 

-1.6210 

-1.2903 

-3.9257 

-7.3957 

-2.8970 

-0.3147 

-5.1485 

-2.0330 

-6.2710 

-3.1951 

-2.3930 

1.3002 

-6.0193 

-5.9197 

-3.9933 

-4.0619 

-0.6680 

-3.5694 

-7.0810 

-4.8032 

-4.2683 

-4.1826 

-2.1362 

-1.6773 

-2.8458 

-4.0359 

-3.7814 

-3.7370 

-2.0318 

-4.6423 

-6.9103 

-6.5731 

-1.2301 

-5.8414 

-0.9257 

0.0209 

-4.1090 

-0.0928 

-4.3468 

-1.3533 

-3.2673 

0.9923 

-3.8329 

-3.3335 

-1.6001 

-6.3775 

-2.1282 

-2.0080 

-3.4387 

-1.7973 

-2.1147 

-2.2931 

-1.5747 

-2.6635 

-2.0781 

-3.8434 

-3.5758 

-4.5508 

-2.6165 

0.0072 

-2.5739 

-2.9330 

-2.1986 

-2.7440 

-1.7085 

-1.0394 

-4.7365 

-4.9093 

-3.3155 

-6.0393 

-4.2862 

-1.9259 

-5.8170 

-0.2415 

-0.5474 

-3.6506 

-4.0145 

-2.1429 

-6.2247 

-2.7303 

-0.9851 

-3.5602 

-4.2308 

-3.0822 

-5.2142 

-5.1493 

-3.9451 

-1.7686 

-1.3024 

-2.9291 

-2.9349 

-4.9932 

-1.6787 

-2.0383 

-5.5254 

-4.4494 

-3.3888 

-8.0364 

-5.1390 

-2.4497 

-5.3254 

-4.0882 

-0.7813 

-0.7496 

-3.7272 

-6.3565 

-4.5965 

-3.2551 

-2.8860 

-2.3604 

-5.9406 

-1.0178 

-4.9587 

-3.2006 

-3.6481 

-5.3277 

-5.8688 

-3.6100 

-5.0284 

-1.3709 

-4.3005 

1.1800 

-3.7951 

0.0012 

-4.7565 

-3.5765 

-3.7620 

-6.2027 

-3.2948 

-4.6333 

-1.7562 

-1.9745 

-3.5241 

-3.3134 

-1.1887 

0.8422 

-3.4008 

-3.4288 

-2.9001 

-4.7389 

-1.9663 

-2.4428 

-2.8387 

-3.1758 

-1.5004 

-3.3742 

-4.7533 

-0.6528 

-4.3046 

-5.8832 

-2.4790 

-1.8187 

-5.8073 

-1.5174 

-1.2627 

-3.4246 

-8.0418 

-0.5567 

-2.3834 

-4.4824 

-6.9542 

-5.8935 

-0.2389 

-0.5991 

-4.2597 

-0.8589 

1.6477 

-7.1516 

0.1313 

-3.5502 

-0.6630 

1.7441 

0.0322 

-5.6293 

-4.2526 

-6.3993 

-4.0160 

-1.4375 

-2.0915 

-3.0302 

-2.2061 

-1.5360 

-5.5210 

-4.2274 

-2.7810 

-1.4796 

-6.2486 

-5.3066 

-1.5152 

-1.1409 

-4.1390 

-4.1775 

-1.9196 

-3.3560 

-4.3264 

-2.6069 

1.2900 

-7.0231 

-4.6192 

-1.3707 

-4.9748 

-4.0497 

-4.0589 

-2.8722 

-0.8605 

-7.2455 

-5.7532 

-2.9150 

-6.3468 

-3.1214 

-0.3436 

-1.3573 

-1.0703 

-0.3346 

-1.5391 

-3.0569 

-5.0431 

0.0739 

0.5126 

-0.5410 

-3.3736 

1.9736 

-2.7655 

-6.3087 

-3.1008 

-0.6853 

-3.3914 

-3.5354 

-0.7729 

-2.5080 

-0.3570 

-3.3232 

-3.3988 

-1.6262 

-5.9857 

2.2465 

-2.1432 

-2.3255 

-1.9990 

-0.9348 

-5.2280 

-1.7795 

0.7980 

-2.3133 

-0.3084 

-3.5725 

-1.7939 

-1.1699 

-5.3270 

-1.7612 

-2.4970 

-1.5402 

-3.9822 

0.0697 

0.5460 

0.8496 

-0.7947 

-1.7690 

-3.5151 

2.2885 

-1.2227 

-0.1675 

-2.0657 

-6.0409 

-5.4849 

-4.0673 

-5.3403 

-4.6145 

-3.0526 

-2.5330 

-0.8806 

-0.4746 

-1.3666 

-4.1533 

1.2267 

-1.7303 

-1.7445 

-1.5274 

-2.0574 

-2.7143 

-7.3917 

-4.3891 

-1.9920 

-4.1311 

-4.0905 

-1.6951 

-3.9101 

-2.4918 

-0.6705 

-4.1058 

-4.4523 

-0.5225 

-0.6110 

0.7033 

-4.6455 

-4.1853 

0.5332 

-3.5177 

-2.5411 

-2.4968 

-6.9159 

-0.3076 

-6.5493 

-3.4991 

-4.7477 

-5.8905 

-3.5935 

-3.6596 

-7.3068 

-3.8297 

-3.2927 

-4.3092 

-4.0212 

-4.6602 

-3.4538 

-7.0900 

-4.2129 

-0.5875 

-1.2208 

-3.3385 

-3.1278 

-3.8516 

-4.5295 

-1.2555 

-3.1176 

-2.4722 

-3.5014 

-2.9200 

-3.1771 

-3.7192 

-0.6889 

-1.4427 

-2.1588 

-0.1156 

-2.3005 

-3.6226 

-3.7588 

-4.6292 

-5.9704 

-5.3198 

-2.5152 

-0.0956 

-4.0173 

-3.2713 

-4.7228 

-0.7342 

-3.0201 

-1.7061 

-4.0387 

-5.8195 

-3.0367 

-0.7481 

-0.8551 

1.1337 

-3.0240 

-1.9474 

-7.7139 

-2.4588 

-4.5133 

-1.4214 

-2.3534 

-2.0270 

-2.7054 

-0.9120 

-1.3028 

-2.2359 

-2.0962 

-4.5726 

0.5349 

-6.2278 

-2.9755 

-3.3847 

-4.7053 

-5.3137 

-4.4895 

-1.5060 

1.6368 

-4.0707 

-0.7909 

-2.2660 

-0.6435 

-3.1454 

0.2692 

1.1791 

-2.1883 

-6.0090 

-4.4466 

-2.4757 

-3.8888 

-3.5305 

-2.1658 

-4.6015 

-2.2294 

-6.3066 

-5.9988 

-3.5512 

0.2656 

0.9925 

-1.5562 

-6.5587 

-1.8863 

-6.8731 

-2.4798 

-4.6045 

-5.4912 

-5.7589 

-0.9049 

-6.3873 

-5.4398 

-1.3912 

-4.2644 

-3.7228 

-0.2853 

-6.2342 

-1.3002 

-4.9017 

-3.1355 

-2.9951 

-2.7448 

-1.4732 

-2.2819 

-1.4294 

-2.3497 

-0.2712 

-4.7331 

-3.3196 

-2.6084 

-4.7740 

-0.8688 

-0.7314 

-1.7005 

-4.7605 

-3.3344 

-2.7543 

-1.9351 

-0.5618 

-7.2136 

-2.5484 

-3.5283 

-7.0093 

-3.4481 

-2.9650 

-4.2613 

-2.1388 

-0.5620 

-7.9742 

-0.4558 

-3.1858 

-1.4603 

-4.6558 

-0.2506 

0.3740 

-1.7594 

-2.9450 

-1.8891 

-3.3897 

-4.4131 

-2.8796 

-2.6140 

-6.3299 

-0.0666 

-4.8483 

-3.6043 

-5.5651 

-4.2960 

-5.9136 

-4.2591 

-4.1120 

-4.0221 

-1.9735 

1.7473 

-5.4201 

-3.2636 

0.2166 

-5.9611 

-4.8442 

-2.1513 

-1.5128 

-1.5144 

0.3489 

-2.7471 

-1.3894 

-3.5543 

1.2642 

-4.4619 

-5.2412 

-0.0956 

-3.9733 

-4.5997 

-3.3188 

-3.2746 

-0.4346 

-3.8790 

-5.0892 

-4.8601 

-5.0821 

-3.3879 

-3.2368 

-4.8932 

-4.7770 

-4.3485 

-0.5532 

-5.6286 

-3.9412 

-1.0234 

-1.4968 

1.1136 

-2.1577 

-4.7396 

-3.5157 

-5.1494 

-3.8946 

-6.3141 

-0.5063 

0.2672 

-1.8220 

-1.2808 

1.2295 

-4.8304 

-0.9350 

1.0850 

-3.9416 

-3.5445 

-5.9833 

-2.7722 

-1.0854 

-2.7090 

-3.1734 

-2.5835 

0.5879 

-2.7010 

-0.3664 

-4.7062 

-1.2035 

-1.8531 

-3.9812 

-5.8486 

-2.2239 

-0.9861 

-4.5406 

-3.1766 

-2.5394 

-2.0100 

-4.9004 

-1.8979 

-5.4422 

-5.0406 

-1.0692 

-3.7491 

-2.5468 

-4.3533 

-1.1039 

-2.0700 

0.5994 

-3.1693 

-3.0996 

-3.2289 

-4.0928 

-4.0212 

-3.8417 

2.2125 

-2.1005 

-1.9280 

-3.9068 

-5.2759 

-3.0791 

-2.5316 

-4.5321 

-3.9927 

-1.3234 

-2.4534 

-2.6273 

-4.3316 

-2.3100 

-2.9969 

-2.9226 

-5.0840 

-5.4240 

-2.4589 

-4.7068 

-1.1847 

-3.6948 

-3.6647 

-3.3331 

-1.1598 

-4.1318 

-3.4423 

-0.8200 

-2.3935 

-3.6921 

-2.5998 

-2.7964 

-2.8279 

-0.0881 

-3.4497 

-4.4688 

-3.9982 

-1.3165 

-0.3328 

-2.2647 

-2.6071 

-5.5106 

-3.3920 

-5.9783 

-1.8910 

-1.3602 

-2.9416 

-2.0859 

1.8665 

-3.8224 

-3.9839 

-3.7933 

-0.3870 

-3.8612 

-1.5869 

0.2016 

-6.6206 

-2.6632 

-6.0401 

-2.4865 

-2.6478 

-6.1386 

-3.8986 

-4.7821 

-1.5865 

-3.8405 

-4.0847 

-1.3163 

-2.5296 

-4.0534 

-4.4019 

-4.4531 

-4.1120 

-0.8563 

-5.2414 

-0.5645 

-2.9201 

-4.2175 

-3.2837 

-5.9052 

-6.6271 

-1.7462 

-3.9797 

-3.5083 

-2.6388 

-1.7991 

-5.1060 

-2.4318 

-3.2773 

-2.8135 

-1.1382 

-0.1744 

-2.0594 

-6.5439 

-1.4970 

-0.7230 

-6.4941 

-3.5353 

0.5368 

-4.5362 

-1.7608 

1.2100 

-2.9711 

0.8683 

-2.8062 

-3.1453 

-6.5357 

-4.9846 

-2.1468 

-3.5883 

-2.2235 

-0.5121 

-0.0216 

-0.3365 

-4.8539 

-1.4696 

-5.1047 

-5.4606 

-2.3059 

-1.0325 

-1.0910 

-5.6065 

-1.6299 

-0.1842 

-0.5265 

0.5126 

-6.0078 

-3.5387 

-5.3746 

-3.3083 

-3.4835 

-3.8126 

-6.8307 

-1.4257 

-0.2497 

-2.1574 

-6.2562 

-5.2349 

-2.4029 

-4.1404 

-1.1037 

-2.8889 

-4.0112 

-4.5200 

-2.0002 

-4.7607 

-3.0679 

-2.0274 

-4.1251 

-1.8371 

-2.8429 

1.9752 

-4.0284 

-2.4477 

-4.1496 

-5.2433 

-2.6687 

-5.7256 

-4.9020 

-2.3920 

-0.4111 

-1.2814 

-1.7688 

-3.0014 

-1.5558 

0.6189 

-4.2544 

1.4782 

-2.3915 

0.9600 

-1.0300 

-5.4042 

-3.9019 

-3.3868 

-3.3704 

-5.3075 

-3.7671 

-2.0956 

0.1253 

1.6097 

-4.1611 

-0.2887 

-1.8296 

-7.0764 

-1.1797 

-1.9785 

-4.2494 

-2.6140 

-4.1286 

-6.8106 

-3.5917 

-2.0996 

-4.8956 

-1.6946 

-4.2676 

-4.2703 

-1.5386 

0.1728 

-0.3356 

-2.9404 

-5.6876 

-1.7934 

-1.2078 

-1.6678 

-4.9205 

-3.3291 

-5.2444 

-2.5174 

1.2041 

-3.8248 

-4.3528 

-2.6590 

-0.0675 

-1.5046 

-0.8343 

-0.9659 

-1.6123 

-3.4572 

-4.7422 

-7.5610 

-3.1579 

-1.7413 

-4.2292 

-3.5365 

-1.8316 

-2.6421 

-5.4996 

1.2301 

-3.7684 

-2.7455 

-1.4117 

-2.4465 

-2.0485 

-0.5465 

-3.3040 

-5.0547 

-0.4823 

-3.7152 

-4.1066 

-2.8052 

-1.8869 

-4.8374 

-3.2284 

-4.7450 

-4.5364 

-4.3837 

-1.3440 

-3.2378 

-3.1807 

1.0185 

-5.2414 

-6.7587 

-2.6979 

-6.8607 

-3.0238 

-5.6262 

-0.9344 

-0.3547 

-5.5905 

-9.6107 

-2.9681 

-2.3299 

-1.7082 

0.0923 

-6.7147 

-3.2494 

1.9670 

-4.0410 

-3.0007 

-3.7545 

-1.8800 

-5.1825 

-3.5372 

-3.7630 

-3.3891 

-3.0755 

-3.5351 

-4.6101 

-1.2672 

-6.2406 

-3.9512 

-4.5331 

-0.0814 

-2.5640 

-0.3497 

-3.2015 

-1.4971 

0.5680 

-2.3823 

-1.1194 

-5.5334 

-4.9966 

-3.8635 

-4.1675 

-5.4950 

-2.3987 

-2.5987 

-6.0981 

-2.9486 

-0.6542 

-1.5461 

-1.1166 

-1.3285 

0.6713 

-3.3832 

-5.9067 

-3.6475 

-3.0753 

-0.7332 

-1.1422 

-6.7565 

-3.6007 

-6.0954 

-4.2180 

-2.9744 

0.6380 

-1.2723 

-1.4582 

-0.1448 

-5.3902 

-2.2583 

0.4073 

0.7378 

-4.0205 

-2.4016 

-3.4168 

-3.5019 

-5.6969 

-0.9496 

-6.1265 

-3.7849 

-3.0970 

-0.4906 

-2.7721 

-2.2851 

-3.1716 

-1.4702 

-1.4155 

-5.9018 

-4.5825 

-3.7504 

-4.0022 

-0.6547 

-2.1879 

-5.6861 

-0.1257 

-2.1169 

-5.7458 

-2.2000 

0.9162 

-3.8672 

-1.2319 

-4.1926 

-2.3902 

-3.8029 

-2.7468 

-2.7662 

-3.6677 

-4.8360 

-3.7105 

-0.4740 

-2.8543 

-5.0512 

-4.3547 

-0.0668 

-6.0214 

-2.9828 

-2.3935 

-4.2283 

-3.5638 

-1.6061 

-2.9391 

-1.3141 

-2.8709 

-4.5773 

-1.8258 

-4.9458 

-3.2911 

-5.3750 

-2.9884 

-3.8822 

0.0229 

-1.9071 

-4.9437 

-1.8061 

-3.7992 

-2.2092 

-3.9063 

-4.9320 

-5.6706 

-0.8155 

-3.0673 

-4.9726 

-1.7192 

-6.6876 

-1.1092 

0.7421 

1.0840 

-3.2170 

-3.4219 

-7.1020 

-2.7107 

-0.3306 

-4.5399 

-0.7900 

-2.3693 

-4.9099 

-1.9501 

-3.6122 

-2.6464 

-4.6188 

-2.3524 

-0.3784 

-5.0720 

-5.4874 

-3.6111 

-2.9558 

-1.1846 

-2.6821 

-1.9260 

-2.9835 

-1.3081 

-3.0726 

-0.8802 

-6.7804 

-4.2784 

-0.5195 

-6.5194 

-1.8958 

-3.5855 

-1.6435 

-6.0657 

-3.0647 

-7.0151 

-3.5879 

-3.8539 

-2.8548 

-0.2398 

-1.8914 

-3.7527 

-0.2862 

-2.8555 

-3.5580 

-3.0799 

-5.9544 

-3.8282 

0.4199 

-2.3763 

-5.5973 

-2.9856 

-6.9046 

-1.5624 

-6.5543 

-4.3442 

-4.0922 

-0.4689 

-6.1285 

-3.0030 

-3.7035 

-3.2237 

-7.1224 

-5.4257 

-2.2410 

-1.4847 

-8.5135 

-3.5417 

-1.8947 

-4.0069 

-2.4610 

-3.4377 

0.3815 

-1.0791 

-2.6696 

-1.7854 

-4.3292 

-1.8269 

-4.2610 

-0.0816 

-2.4327 

-1.1347 

-1.1531 

-6.0475 

-6.5027 

4.7986 

-4.7977 

-4.5360 

-2.7155 

-3.3728 

-1.4923 

-1.7518 

-3.0834 

-3.0697 

-3.6728 

-5.1164 

1.6744 

-4.1428 

-1.9165 

-3.0726 

-2.4726 

-1.2227 

-2.8430 

-4.6572 

-4.3355 

-7.3964 

-1.9602 

-2.0200 

-4.1437 

-2.6313 

-3.8501 

-6.2868 

-2.1925 

-2.2400 

0.2689 

-4.8122 

-2.8046 

-2.9496 

-5.6683 

-2.2625 

0.2203 

-3.3420 

-2.9625 

-3.2123 

-2.7043 

-2.6498 

-1.3816 

-2.3113 

-2.8350 

-1.5111 

-2.7804 

-5.6341 

1.3805 

-5.0768 

-5.0399 

-3.4709 

-4.3022 

0.5215 

-0.6085 

-1.7666 

-5.5174 

-5.5556 

-0.4622 

-1.1861 

-5.0740 

-2.2419 

-3.1804 

0.7711 

-0.9134 

-3.6256 

-3.6348 

-3.1520 

-4.0469 

-4.9147 

-5.5545 

-3.5631 

-3.4790 

-4.1941 

-2.1758 

-3.8803 

-4.9250 

-3.6912 

-3.0230 

-2.8601 

-2.5116 

-4.9320 

-3.7502 

-1.8076 

-0.5414 

-3.9663 

4.6675 

1.2298 

-4.8503 

-1.4990 

-5.6652 

-0.8857 

-7.5608 

-1.3639 

-0.3247 

-0.4972 

-4.9693 

-1.4463 

-3.5338 

-2.1153 

-1.1012 

-0.9624 

-0.4592 

0.0961 

-4.3116 

-2.8202 

-5.5902 

-2.6902 

-0.6269 

-0.5207 

-0.6953 

-3.8127 

-2.3146 

-2.0685 

-2.9502 

-6.8350 

-1.4927 

-5.2851 

-2.2029 

-2.3109 

-0.8950 

-3.7295 

-3.4498 

-2.0653 

-2.6319 

-1.4880 

-2.1671 

-3.0906 

-1.9284 

-4.0498 

-3.7317 

-7.2537 

-3.7270 

-7.1141 

-4.7999 

-2.5360 

-3.2716 

-0.9003 

-2.3171 

-0.3321 

-4.6929 

-5.1055 

-6.2466 

-4.3237 

-5.5581 

-1.2093 

-2.2374 

-2.7130 

-4.5103 

-3.2785 

-0.8287 

0.0815 

-4.9686 

-0.6543 

-0.8093 

-3.6885 

-1.4581 

-7.6989 

-1.2446 

-2.7451 

-2.3950 

-0.7000 

-3.3720 

-4.0225 

0.0289 

-3.3438 

-0.7914 

-3.0029 

-4.9308 

-1.6629 

-5.4099 

-3.1521 

-0.1214 

-2.8258 

-4.9054 

-3.3319 

-3.2282 

-1.0002 

-4.3069 

-2.3329 

-4.2129 

-0.7104 

-4.0360 

-4.7121 

-5.9928 

-2.1513 

-3.7503 

-4.0448 

-7.5838 

-1.5941 

-5.1938 

0.0908 

-2.9960 

-0.3383 

-5.5968 

-3.3367 

-0.9824 

-3.1389 

-4.7567 

-5.0861 

-1.8612 

-3.0412 

-3.0639 

-3.1359 

-1.9200 

-2.8628 

-2.5708 

-2.0108 

-2.0427 

-1.6246 

-4.3139 

-1.6761 

-0.2399 

-0.3539 

-3.7505 

-5.8892 

-3.3809 

0.1021 

-1.9175 

-2.0713 

-2.9897 

-2.7896 

-3.4833 

-1.9019 

-5.2216 

-0.7363 

-4.2840 

-0.1195 

-3.2489 

-2.8031 

-6.1450 

-3.5762 

-2.1697 

-1.2979 

-1.0692 

-2.7591 

0.1406 

-4.8719 

-4.3641 

-3.8117 

-3.0239 

-4.3426 

-2.7256 

-3.4876 

-1.7800 

-2.2367 

-1.3552 

-1.3170 

-3.3830 

-6.0048 

-5.1317 

-1.1282 

-1.9628 

-5.9894 

-5.3679 

-5.6383 

-2.6143 

-3.2122 

-1.7276 

-1.4608 

-2.2685 

-2.9887 

-2.9353 

-2.4794 

-5.5325 

-1.0274 

-6.9393 

-4.4625 

-1.0587 

-5.2080 

-6.2600 

-2.0443 

-0.6894 

-1.7170 

-2.7599 

-3.8807 

-3.5050 

-3.1323 

-3.4072 

-0.1110 

-2.3343 

-0.1592 

-4.5227 

-5.2350 

-4.8559 

-2.3756 

-5.1819 

-3.4075 

-5.5026 

-0.9181 

-2.8000 

-4.7772 

-3.9635 

-2.3590 

-4.0270 

-1.6459 

-2.5875 

-4.1404 

-1.9300 

-4.8801 

-0.4964 

-2.9970 

-2.9890 

-1.6216 

-0.0502 

-0.8551 

-1.3280 

-5.6969 

0.1670 

-2.6444 

-3.6888 

-4.5775 

-0.7697 

-0.0075 

-5.8721 

-2.6903 

-1.8594 

-4.5200 

3.3262 

-3.1729 

-1.9182 

-6.0737 

-4.2943 

-4.4259 

-1.2289 

-2.5633 

-5.7978 

-4.0315 

-6.3975 

-0.7419 

-5.2010 

-1.8411 

-2.0194 

-2.4040 

-3.1562 

-1.1347 

-5.3114 

-2.2195 

-3.2916 

-5.6308 

-7.6622 

-1.2804 

-1.6513 

-2.4209 

-4.6500 

-6.2204 

-0.2853 

-5.2625 

-1.1073 

-2.7708 

-0.0010 

-5.7261 

-1.0072 

-3.2623 

-2.9982 

-2.8066 

0.9131 

-5.0813 

0.0507 

-0.8847 

-4.4994 

-4.4437 

-2.2459 

-5.7661 

-1.3387 

-1.0437 

-3.1106 

-4.8188 

-3.7721 

-2.1332 

-1.4542 

2.6515 

-0.8353 

-2.7831 

-1.0211 

-3.1452 

-1.3859 

-1.7949 

-1.7761 

-4.8177 

-5.3498 

-3.7205 

-4.1406 

-0.6405 

-3.6333 

2.5802 

-3.4325 

-2.3597 

-4.2160 

-6.2864 

-3.3696 

-3.7342 

-1.9227 

-0.1841 

-5.3591 

-1.4391 

-0.4190 

-1.9324 

-4.2200 

-1.9128 

0.9457 

-3.2595 

-0.7805 

-2.1002 

-1.2168 

-2.7572 

-2.4316 

-3.4828 

-2.0960 

-2.7515 

-0.4736 

-4.5519 

-0.4281 

-3.2957 

-4.5371 

-1.3525 

-0.1952 

-2.0324 

-1.8018 

-4.0029 

-4.8496 

-5.1148 

-4.6436 

-5.4879 

-2.4178 

-1.5361 

-4.5447 

-1.4019 

-2.1726 

-0.0539 

-3.5712 

-4.6682 

-4.4881 

-6.4777 

-6.0187 

-2.8793 

-0.3719 

-1.4386 

-1.7933 

-3.4540 

-1.2856 

-2.0089 

-2.3804 

-5.8484 

-5.2433 

-1.2733 

-1.8295 

-5.3142 

-4.9346 

-0.2518 

-3.2227 

-1.1956 

-6.2407 

-4.5340 

0.5468 

-3.6561 

-2.0617 

0.2935 

-5.8187 

-3.8298 

-6.8561 

-1.9324 

1.8476 

-3.5110 

-3.5906 

-1.8822 

-0.4192 

-1.7261 

-2.4420 

0.2726 

-1.7776 

-4.2140 

-1.2614 

0.0290 

-1.6831 

-1.9173 

-0.2121 

-3.3929 

-1.8021 

-4.2287 

-0.6988 

-5.4613 

-3.4199 

-2.0542 

-1.8877 

1.7489 

-3.4881 

-3.1045 

-5.9599 

-6.2842 

-2.8258 

-4.4046 

-5.6927 

-3.2575 

-9.0461 

-3.7661 

-7.1044 

-3.5169 

-1.9861 

-0.7039 

-0.8889 

-2.1224 

-0.8235 

-4.7779 

-3.6527 

0.9074 

-0.7283 

-5.6793 

-4.5272 

-1.2582 

-4.2051 

-2.1724 

0.4476 

-3.4444 

0.4150 

-0.0441 

-5.1775 

-5.6374 

-2.5816 

-0.5373 

-5.6133 

-2.8027 

-0.7132 

-1.8339 

-3.4793 

-5.6779 

-1.1688 

-4.0766 

-0.9643 

-4.3816 

-2.9326 

-5.0252 

-5.2939 

-2.3194 

-1.8039 

-2.3141 

-0.5883 

-0.7195 

-7.0211 

1.6211 

-3.0384 

-2.9811 

-3.7044 

-3.2766 

-2.5152 

-4.2704 

-1.6136 

-3.1889 

-6.3764 

-3.7477 

-2.4565 

-3.3752 

-2.5250 

-0.0261 

-0.9165 

-4.1774 

-1.9840 

-5.4502 

-1.0289 

-5.0695 

-3.8842 

-5.6843 

-2.5688 

-2.3162 

-2.8686 

-3.8186 

-4.7153 

-4.3458 

-4.2074 

-3.3895 

-2.0258 

-8.1406 

-5.9797 

-4.9787 

-5.7302 

-1.7089 

-1.8642 

-7.2769 

-2.2399 

-4.0981 

-2.4817 

-2.7054 

-4.0290 

-3.4713 

-4.7976 

-2.2993 

-5.0308 

-2.9209 

-4.4333 

-3.8001 

-5.1807 

-3.4996 

-4.2344 

-3.3258 

-3.9755 

-2.0744 

-1.0508 

-1.4027 

-2.7460 

-0.6232 

-5.6845 

-0.7015 

-2.1875 

-5.7632 

-4.6698 

-6.8909 

-1.0063 

-3.5328 

-3.4199 

-5.8082 

-2.1986 

-1.7166 

-1.7132 

-2.9375 

-0.5343 

-6.0614 

-3.2819 

-4.4627 

0.4029 

-0.1833 

-5.3426 

-3.8485 

-0.9503 

-4.6515 

2.3044 

-5.5538 

-3.0933 

-4.3684 

-5.3253 

-2.0037 

-2.3289 

-0.1499 

-3.6462 

-1.1152 

-2.1782 

-1.6469 

-3.5386 

-3.7807 

-2.1463 

-1.9011 

-3.9042 

-5.2247 

-1.4904 

-5.6977 

-2.2366 

-2.6472 

-4.1613 

-4.8506 

-6.7874 

-0.7773 

-2.3821 

-3.7558 

-3.5190 

-2.5539 

-3.1952 

-4.1390 

-3.2634 

-3.0219 

-3.0346 

-2.0367 

-3.6734 

0.0969 

-3.4084 

-1.4169 

-5.6691 

-3.7085 

-2.6646 

-6.1379 

-1.4004 

-4.3548 

-3.6916 

-3.7873 

-2.5199 

