-2.2634 

2.6365 

-7.9489 

-2.2483 

0.7006 

-2.4439 

-1.8669 

-4.3792 

-6.9052 

-1.5640 

0.1418 

-0.6509 

-3.0090 

-2.6039 

0.6687 

-6.3607 

-1.0610 

-2.6556 

-4.7127 

-1.4680 

-4.0053 

-1.9198 

-4.0521 

-4.7408 

1.9737 

-3.4661 

-1.6033 

-1.2864 

-3.1604 

-5.9168 

-4.1147 

1.4052 

-1.4533 

-5.7830 

-0.1022 

-2.4485 

-0.6426 

-5.5326 

3.1389 

-4.0468 

-6.3009 

-1.5078 

-4.1644 

-3.3560 

-4.1052 

-7.5488 

-3.2744 

-1.8601 

-0.9516 

-2.4829 

-2.5356 

-2.2249 

-3.5687 

-4.0183 

-6.9742 

-2.8461 

1.9267 

-2.3849 

-2.9658 

-4.1058 

-4.2972 

-2.8053 

-1.1638 

-1.6917 

-3.4872 

-1.9679 

-4.4101 

-3.4129 

-2.3061 

-1.7276 

-6.1930 

-4.3208 

-2.9774 

-2.0508 

-1.4936 

-2.4732 

-3.3939 

-5.0614 

-0.4180 

-0.3986 

-3.7159 

-5.0968 

-3.7108 

0.2053 

-3.5337 

0.2985 

-2.5782 

-1.7579 

-3.6878 

-2.6911 

-0.0594 

-8.6887 

-4.2907 

-5.9756 

-0.3360 

-3.9670 

1.4928 

-4.8080 

-1.1551 

-4.8364 

-4.5894 

-0.2987 

-1.6188 

-6.6020 

-2.9482 

-6.3746 

-1.7461 

-2.7924 

-2.3792 

-2.1916 

-2.1132 

0.6507 

-1.8073 

-2.3862 

-8.0983 

-4.1108 

-3.1455 

-3.3587 

-5.5481 

-1.5840 

-5.1056 

-2.0099 

-4.9593 

-2.8579 

-2.7467 

-3.3456 

0.2743 

-5.8945 

-2.4173 

-2.8410 

-2.0215 

-1.7441 

-2.2638 

-4.3167 

-5.1795 

-2.4146 

-2.2276 

-3.4156 

-7.9666 

-4.3786 

-2.6730 

0.3696 

-3.0205 

-1.7535 

-3.7302 

1.6397 

-6.4784 

-3.3758 

-6.8570 

-5.9369 

-1.5717 

-1.1996 

-4.1373 

-4.5257 

-3.0993 

-3.6477 

-2.5892 

-3.4052 

-2.8881 

-4.8816 

-2.4172 

-4.7031 

-4.4300 

1.1389 

-2.4509 

-1.8634 

-9.7067 

-2.1530 

-3.5389 

-2.5890 

-1.4872 

-2.7309 

-3.7522 

-1.6747 

-2.9945 

-2.3264 

-6.7794 

-4.0207 

-0.5913 

-2.4489 

-6.1609 

0.1976 

-3.4929 

-0.5132 

-2.9888 

-2.0225 

-0.9981 

-3.9084 

-5.7047 

-4.5882 

-0.4753 

-0.4281 

0.5592 

-3.4664 

-0.3790 

-0.4933 

-6.2648 

-6.5882 

-2.2432 

-3.3152 

-0.5507 

-3.4490 

-7.6039 

-5.6102 

0.8319 

-1.8265 

0.7427 

-3.7660 

-4.0301 

0.4096 

-4.4292 

-4.7547 

-1.2229 

-1.0769 

-5.8634 

2.3110 

-7.3513 

-3.6910 

-3.7881 

1.2380 

-3.4128 

-5.4321 

-1.3884 

-8.0075 

-2.1864 

-4.7365 

-1.3876 

-0.5287 

-4.0797 

-0.8293 

-2.2941 

-4.0268 

-4.4337 

-2.9553 

-2.5590 

-3.7977 

-3.4167 

-5.1973 

-6.7452 

0.0357 

-5.5937 

-1.2753 

-3.6458 

-3.8817 

-0.8525 

-1.5091 

0.5588 

-0.2915 

-2.3004 

-1.8077 

-1.7836 

-3.0059 

0.4236 

-5.0608 

-0.5409 

-3.2829 

