6.5784 

5.6036 

10.0765 

9.3148 

9.7205 

5.3045 

7.4876 

6.5473 

6.9855 

8.8105 

7.3027 

7.1208 

10.2386 

3.1045 

6.7103 

6.7227 

8.1921 

6.1873 

8.0204 

7.9345 

6.9891 

7.4961 

9.5024 

10.8394 

4.8823 

8.9669 

10.3938 

5.8048 

5.3991 

7.9798 

5.5081 

5.1004 

7.3285 

6.4185 

8.3731 

7.3097 

10.6449 

7.3267 

6.9729 

8.4625 

8.7115 

8.6651 

8.5498 

6.0460 

10.2723 

12.1941 

8.8629 

9.5765 

8.6159 

6.8613 

8.1786 

9.8418 

8.5930 

6.3937 

4.8211 

8.4567 

9.0898 

6.3187 

5.8664 

10.6415 

10.5771 

5.4584 

9.1421 

7.9011 

8.8357 

5.4563 

10.8573 

4.5057 

4.3729 

10.0680 

11.0798 

7.4647 

2.5199 

12.2962 

11.2834 

8.6918 

6.3907 

6.8572 

8.1943 

10.8628 

10.4821 

9.5071 

9.7572 

10.8708 

7.5428 

5.6443 

10.9303 

10.2767 

8.8800 

9.2944 

8.3588 

7.1293 

6.1023 

8.2380 

8.4440 

6.1693 

10.7941 

9.8571 

8.0522 

6.8455 

6.3560 

5.6176 

4.0858 

6.0806 

7.7320 

6.8639 

5.1240 

7.4489 

7.3316 

10.7649 

6.7688 

5.8548 

6.6682 

6.1505 

7.3629 

11.5321 

8.4743 

9.8277 

7.6476 

6.5422 

5.6967 

9.2527 

9.5593 

10.3567 

7.2317 

10.8892 

5.3790 

4.3178 

5.4309 

10.0243 

7.3039 

7.8396 

7.5765 

4.8481 

4.6235 

5.6086 

9.0156 

9.5126 

7.7027 

6.0847 

5.2687 

9.0657 

10.1922 

6.1368 

9.0407 

5.2143 

6.5782 

7.6701 

12.8406 

6.9687 

8.8487 

10.5212 

7.2146 

8.9276 

6.8700 

9.1990 

9.1306 

2.4851 

7.2840 

9.0365 

7.3476 

9.3763 

7.9958 

8.3164 

8.6208 

7.3826 

9.5913 

7.5885 

4.8131 

9.8747 

10.9511 

7.8128 

9.8116 

4.0979 

3.3665 

8.4497 

7.7719 

7.5729 

7.2155 

10.6917 

7.0200 

9.2469 

11.3516 

9.0501 

9.0346 

8.2686 

8.3594 

6.7561 

8.6088 

8.8752 

9.4706 

8.9163 

7.1923 

6.0829 

9.2332 

5.2180 

7.5767 

7.2767 

8.0130 

7.8358 

7.9142 

6.8627 

12.6271 

7.8552 

9.2716 

13.8858 

7.1799 

5.8264 

8.7619 

7.1777 

4.5168 

7.2236 

5.9931 

9.6336 

8.0618 

7.3757 

8.7765 

11.4632 

8.1617 

9.6287 

10.2912 

8.6450 

11.9266 

9.9874 

5.8025 

6.6385 

8.0080 

9.0443 

7.6082 

6.5575 

7.6127 

7.9519 

6.0670 

6.4641 

2.7877 

9.1495 

10.3683 

8.3985 

5.3879 

10.7890 

8.1744 

7.3179 

5.6242 

9.0587 

8.5091 

7.7044 

6.5078 

11.1074 

12.1519 

10.5429 

6.7418 

7.0429 

6.3960 

10.4795 

9.5244 

8.3197 

10.0201 

7.9082 

10.0630 

8.1648 

6.5145 

8.2615 

8.9695 

8.6496 

8.2332 

7.3146 

9.8146 

7.3569 

7.3659 

8.5065 

9.6511 

7.4534 

8.1898 

9.0817 

6.0532 

5.9802 

10.6684 

6.5930 

5.6617 

7.6326 

5.7673 

3.9006 

6.6702 

6.7026 

6.4839 

9.1250 

9.2467 

10.5198 

4.4528 

9.7481 

9.6673 

9.8134 

9.0497 

6.4783 

8.0609 

4.3258 

6.1030 

6.0801 

6.8222 

8.8447 

6.7797 

5.0009 

6.5315 

6.9244 

13.4580 

5.2772 

8.7082 

7.9541 

9.6913 

12.6934 

9.3424 

11.2760 

7.4492 

8.0803 

6.3084 

6.7721 

6.7847 

6.5072 

6.2142 

8.8751 

5.3740 

10.2442 

7.8556 

8.2053 

10.9696 

10.6487 

10.4751 

4.9161 

6.8995 

8.5667 

9.1468 

8.3151 

7.3434 

6.0401 

8.2452 

7.8031 

10.1409 

8.6265 

5.7826 

6.8829 

8.2233 

10.5364 

9.4949 

4.7824 

6.0974 

7.5567 

4.8825 

9.4122 

6.6060 

7.9718 

7.9418 

6.0883 

9.5266 

7.7122 

7.8398 

4.1281 

6.0026 

6.3996 

8.7211 

4.9828 

8.6041 

6.7053 

7.0080 

11.5975 

10.7198 

6.5641 

9.2900 

9.1048 

6.3193 

9.4709 

12.8048 

10.6006 

13.1406 

6.5703 

7.5420 

7.1040 

6.9349 

8.9063 

8.1471 

8.6272 

8.3482 

7.4585 

6.7545 

10.0769 

8.8455 

6.7377 

7.9402 

6.4226 

8.8601 

6.3282 

7.5517 

5.8015 

7.3650 

5.2602 

8.0905 

6.9289 

6.5126 

5.3993 

6.2770 

6.4159 

11.9364 

8.3791 

6.6660 

10.9375 

8.5396 

10.4094 

8.1377 

5.5218 

7.5288 

4.8890 

7.5236 

6.3049 

8.6255 

7.0232 

8.7810 

9.4531 

8.3800 

8.0882 

9.0098 

8.2830 

5.1431 

4.2353 

9.5897 

4.6035 

7.1806 

8.0473 

6.3875 

7.9764 

8.4210 

8.5443 

7.1432 

8.4151 

10.4350 

7.0161 

7.4441 

5.9199 

8.9128 

6.0053 

11.8611 

8.3655 

7.3688 

10.1184 

8.2154 

6.3385 

4.8773 

8.9966 

9.9337 

8.7255 

7.1037 

9.8328 

6.7227 

7.3238 

10.5264 

9.4742 

8.5787 

3.9408 

11.3270 

8.6614 

8.5502 

7.4349 

7.8541 

8.9152 

11.2954 

8.7598 

7.7683 

5.7613 

8.2055 

3.4062 

6.6825 

8.2765 

8.3018 

6.6991 

8.2129 

6.6954 

4.9405 

6.8247 

7.9945 

8.2694 

5.6326 

2.7940 

6.6622 

7.7469 

10.0981 

6.5464 

8.9504 

9.2612 

9.8379 

9.1326 

8.6569 

5.0889 

7.7622 

7.6584 

9.2606 

11.0985 

5.2989 

9.3531 

5.7872 

9.1475 

6.6352 

10.9383 

8.2918 

5.5529 

9.0578 

8.1864 

5.9424 

10.7118 

10.2366 

7.0377 

8.6693 

6.7186 

6.8074 

7.6271 

5.1997 

4.9214 

9.2617 

7.0483 

8.3675 

9.3000 

7.0721 

5.0739 

4.1994 

6.5504 

6.0368 

10.1758 

8.8085 

8.2721 

8.7251 

8.5702 

8.6353 

9.4482 

5.7490 

8.9802 

7.7479 

6.2053 

6.9585 

4.7732 

5.6998 

8.5912 

8.2607 

13.5393 

6.2163 

9.0592 

4.3905 

9.0239 

3.9694 

7.7602 

7.9079 

8.0187 

8.9288 

9.0263 

6.8922 

9.1726 

7.4478 

6.8267 

10.0381 

6.4995 

8.0669 

11.0377 

9.0836 

10.7516 

11.3428 

6.3333 

8.7478 

8.3972 

11.2559 

7.7423 

8.1239 

10.7159 

9.6801 

6.4408 

5.7104 

6.6154 

7.2609 

8.0393 

8.1018 

8.3211 

9.6676 

12.5111 

7.5186 

9.0324 

10.5790 

4.9331 

6.6923 

8.7180 

11.6890 

8.6334 

8.4911 

10.7489 

9.9356 

7.8274 

6.2564 

6.5805 

8.6064 

6.1851 

5.3596 

7.9077 

4.9807 

10.4218 

7.0516 

9.4586 

8.1713 

7.6988 

9.5900 

9.9996 

6.8747 

7.2042 

10.7399 

6.6565 

6.8231 

7.6400 

7.7326 

5.8447 

7.9709 

7.5995 

8.0559 

9.4959 

7.9185 

7.5691 

7.7385 

11.7406 

8.8966 

8.6641 

5.2758 

3.9043 

6.3604 

10.1267 

10.0180 

6.2040 

7.4144 

10.0075 

7.2366 

8.5654 

11.3456 

4.8299 

6.3170 

9.1826 

5.0597 

4.4463 

6.8137 

6.6432 

6.6537 

7.1662 

6.7416 

6.2486 

7.9852 

11.1895 

8.7147 

8.8445 

8.0357 

8.6013 

9.8854 

5.9718 

10.2145 

9.8428 

6.7895 

6.3286 

5.2170 

9.0444 

10.2581 

9.5549 

4.5282 

5.4964 

11.2042 

4.6035 

10.1180 

9.2463 

7.2908 

7.1216 

7.0947 

10.6805 

8.7651 

8.4856 

7.4626 

7.1540 

6.7140 

8.5791 

6.3455 

7.3935 

8.1675 

6.2886 

7.5984 

8.9283 

10.1203 

5.3040 

6.5774 

8.1814 

8.0618 

6.8963 

8.9109 

6.3934 

9.3586 

7.9525 

11.2800 

8.6653 

8.1071 

10.3116 

5.1713 

8.1265 

7.0637 

6.6809 

8.1699 

7.0893 

12.0224 

8.6529 

6.3889 

10.2630 

5.6653 

9.7502 

6.2770 

6.1822 

5.5231 

7.6064 

4.1157 

5.5184 

8.0611 

10.7492 

3.4009 

8.0401 

7.0606 

5.9029 

10.8735 

9.2891 

10.3839 

8.6120 

9.1219 

7.6124 

7.0734 

4.1128 

9.5679 

8.2219 

4.3092 

7.6892 

8.2287 

6.3938 

10.6177 

10.2029 

8.8994 

9.9435 

7.2845 

9.2677 

5.8038 

5.2381 

5.9684 

6.6700 

9.2501 

7.9212 

9.9883 

5.9355 

6.1714 

5.9715 

7.6888 

9.6518 

8.4806 

8.8030 

6.2709 

5.0292 

11.6975 

7.7159 

9.6939 

5.4164 

5.8102 

6.7055 

8.5289 

9.4293 

8.5292 

8.9248 

8.3278 

9.7071 

5.4741 

7.5434 

11.3800 

8.9879 

4.0884 

7.3887 

10.4873 

6.8821 

10.3200 

9.1237 

7.1626 

6.4809 

11.6213 

10.5553 

10.4318 

5.1722 

6.2843 

9.5169 

5.9899 

7.8735 

11.4484 

9.9939 

7.9532 

5.7599 

8.2047 

10.1236 

7.4506 

5.7422 

6.6631 

7.9827 

6.2496 

7.9362 

10.3493 

6.8281 

7.7006 

6.2431 

9.2900 

10.6551 

4.3157 

6.0082 

5.3872 

8.7904 

8.9524 

12.1903 

7.5763 

7.9510 

11.8771 

10.1139 

10.2974 

8.6542 

7.3047 

9.2033 

6.6120 

8.7521 

7.4437 

7.3878 

9.3739 

7.5812 

6.5755 

8.8425 

5.7549 

9.9102 

4.4514 

8.5477 

8.9292 

9.3641 

6.5298 

9.3389 

8.9442 

7.4018 

9.9543 

7.4093 

7.7193 

10.1393 

11.8864 

8.2759 

4.0132 

6.8458 

5.6985 

7.1556 

7.8387 

11.0272 

8.4306 

7.1726 

12.4309 

8.6775 

9.0724 

7.4416 

7.1853 

5.9027 

8.0944 

7.4055 

6.1311 

6.8647 

6.8122 

8.4954 

12.7084 

7.8183 

7.3022 

9.6838 

7.1195 

8.2332 

7.7926 

9.7162 

8.8141 

7.8571 

9.5724 

3.9243 

8.4912 

5.8573 

5.8605 

11.2654 

7.5855 

12.8813 

8.1507 

4.3675 

5.7213 

9.1257 

8.0111 

8.9913 

7.2096 

6.3905 

11.0430 

6.9756 

5.6247 

10.9425 

6.5863 

9.6608 

10.3538 

5.2127 

5.6504 

9.3767 

8.3554 

10.7972 

9.0474 

7.9622 

8.6894 

7.9641 

8.9746 

9.1321 

11.7405 

6.1774 

7.5661 

6.7194 

6.4813 

7.1794 

4.8352 

5.6661 

2.5507 

7.5368 

6.7742 

9.2367 

8.9455 

5.1329 

6.7426 

8.6785 

5.7170 

8.2667 

11.0656 

5.8119 

6.2196 

7.9130 

7.1694 

7.9709 

5.9891 

8.8037 

7.8624 

6.8856 

6.1134 

8.6599 

5.7038 

5.1052 

6.2620 

7.1196 

9.0338 

7.5376 

5.5596 

2.7869 

10.0010 

9.6868 

5.3868 

2.7209 

5.8789 

7.2568 

9.8504 

10.0100 

8.0990 

7.1363 

5.9868 

10.5026 

11.6956 

7.3944 

7.3908 

10.4052 

8.9430 

8.1176 

6.4758 

3.3615 

8.2465 

6.7285 

7.9761 

11.7162 

12.7427 

9.4007 

6.6032 

9.1837 

4.6360 

8.9196 

7.6345 

8.9417 

7.7479 

8.1521 

9.1559 

1.0541 

9.0425 

4.8190 

8.3654 

8.3368 

10.1533 

7.4965 

7.2226 

3.4551 

5.9023 

10.2198 

6.3301 

10.9807 

2.4788 

6.9287 

8.5686 

7.4878 

7.0309 

11.0922 

8.6679 

6.8551 

8.7031 

9.0389 

5.1413 

4.5864 

9.2809 

8.1708 

11.8975 

6.4109 

10.6009 

9.1286 

11.6238 

5.9002 

8.5150 

8.3512 

7.9277 

7.7480 

6.6582 

3.7563 

9.2903 

8.3613 

6.8626 

11.7581 

12.3983 

8.8250 

8.2518 

5.8206 

3.8959 

11.2808 

6.8762 

11.3574 

8.2386 

9.9368 

7.8276 

7.4617 

10.0868 

9.3377 

11.4221 

8.7773 

9.1252 

10.9905 

10.1011 

10.6209 

7.8919 

8.4013 

5.6332 

9.6576 

5.0243 

9.6137 

9.9494 

7.6988 

6.9417 

6.6322 

7.7741 

6.1933 

5.5767 

7.3335 

9.3051 

7.3505 

8.9587 

6.6049 

8.6671 

7.7172 

7.7905 

9.6456 

9.1346 

7.7887 

7.5699 

8.7974 

8.1117 

9.9815 

8.8594 

11.5323 

12.3336 

10.0303 

9.2390 

10.6343 

7.2969 

8.9462 

9.0714 

6.9162 

9.4859 

3.8156 

5.4263 

6.2231 

8.4352 

4.0627 

6.9879 

6.4567 

8.5491 

8.6165 

9.7497 

8.0002 

12.6778 

10.4330 

4.9495 

9.1702 

6.8811 

10.5461 

7.2130 

5.9115 

9.3598 

9.9659 

9.1113 

8.9407 

7.0280 

7.9278 

10.9816 

5.5167 

7.6092 

9.6775 

6.7596 

9.4495 

7.8455 

9.2596 

7.2577 

8.5363 

5.7589 

8.0499 

8.8797 

5.6785 

7.2047 

8.0079 

5.2456 

11.3014 

6.5441 

4.5117 

11.1220 

10.0342 

8.2305 

12.6051 

7.4631 

6.3763 

11.2549 

7.4247 

10.7191 

8.2927 

9.2266 

5.5542 

6.0752 

10.4193 

8.9587 

10.1533 

9.3912 

8.0069 

6.8647 

6.2206 

5.6418 

7.2237 

7.9683 

4.0697 

7.1489 

5.2167 

7.7470 

7.5197 

6.8347 

7.7134 

9.8229 

8.5139 

6.4215 

9.5751 

7.6993 

7.4484 

10.6638 

8.4711 

6.2321 

10.1607 

4.4327 

9.2437 

7.6251 

9.4971 

8.6241 

6.8554 

6.0977 

5.5602 

5.7266 

9.5182 

11.5288 

11.9913 

4.8097 

10.0937 

6.3905 

5.1556 

8.1141 

9.1314 

6.2567 

7.1475 

7.1413 

10.9147 

9.4130 

5.9882 

8.5512 

10.8179 

7.1889 

8.1703 

10.4807 

5.5185 

5.5185 

7.3491 

7.6178 

9.2590 

10.2979 

3.9936 

9.7899 

4.6535 

6.8435 

8.9605 

8.4761 

4.9372 

8.9554 

8.9082 

4.5036 

5.9211 

9.7787 

10.5925 

8.0026 

10.9185 

9.3407 

8.8695 

8.3689 

6.7784 

8.0042 

8.4518 

3.9968 

6.9078 

9.7998 

9.7166 

8.4699 

9.4065 

8.4553 

7.8389 

7.4487 

8.0502 

5.3065 

11.7657 

7.9220 

9.2504 

8.6100 

6.8611 

5.1973 

7.5789 

9.9850 

8.7897 

11.2827 

9.9850 

8.0791 

9.0258 

6.9290 

10.0539 

7.1779 

8.3749 

6.0420 

7.2610 

4.8486 

6.9086 

7.5899 

3.5110 

7.5991 

8.2489 

9.7943 

9.4083 

8.5997 

6.6625 

7.5286 

10.6342 

6.5333 

5.8073 

2.9991 

8.8339 

5.9640 

6.3011 

7.6137 

5.8351 

9.1260 

10.5352 

9.7053 

4.2967 

7.7225 

9.2553 

8.0883 

10.8729 

10.1147 

3.2533 

11.8186 

10.3815 

6.3424 

5.4151 

8.7906 

6.0628 

7.4350 

11.1005 

6.2429 

9.1413 

10.3320 

5.8445 

9.4169 

8.2984 

9.6838 

10.5954 

12.1469 

9.5446 

6.8787 

9.7151 

9.9528 

10.2236 

3.0169 

9.8924 

5.5458 

9.4087 

4.8879 

11.2933 

8.7207 

9.4917 

9.8542 

13.2451 

5.3698 

5.9054 

8.7564 

9.3405 

9.0525 

7.7143 

7.3263 

9.3413 

6.3596 

8.0145 

4.7010 

6.4313 

7.0483 

11.8086 

6.6514 

5.3076 

8.6295 

9.9707 

11.6184 

10.0880 

10.1976 

8.4834 

8.1335 

7.8090 

5.6317 

7.9156 

10.4335 

8.9985 

7.2550 

10.9330 

6.2021 

10.0480 

5.8231 

6.7413 

4.8029 

7.0616 

11.2679 

8.0795 

6.1177 

9.2925 

9.7288 

6.0309 

8.7521 

10.7229 

6.3889 

5.9065 

3.6115 

7.8428 

7.0612 

7.4339 

7.0427 

7.5161 

6.1286 

11.4846 

4.0487 

11.0125 

6.1540 

8.8569 

6.9416 

6.7098 

6.9370 

3.9822 

4.0850 

9.7149 

9.5485 

5.6274 

7.6249 

6.4760 

9.4292 

7.6329 

8.5010 

6.2877 

5.5972 

9.3841 

5.6565 

8.7139 

6.6348 

7.9679 

8.5618 

6.5677 

5.6203 

8.7458 

2.6072 

10.4338 

6.5370 

10.6619 

10.2226 

6.4737 

9.3528 

7.2136 

8.9492 

9.8280 

8.5031 

10.5120 

7.4376 

8.8489 

7.3062 

5.8841 

9.6982 

9.3639 

8.6448 

10.5906 

9.0664 

6.9032 

8.9990 

7.7566 

7.5406 

5.8211 

8.5204 

10.7672 

7.9084 

5.7358 

7.0315 

8.8445 

8.2626 

6.7801 

7.4921 

6.7213 

5.6619 

7.0589 

7.9438 

10.0433 

8.2282 

7.2807 

8.3450 

6.7615 

5.1577 

3.7819 

7.7867 

7.7425 

7.5653 

8.1960 

10.7349 

8.0302 

10.9105 

7.9972 

10.1349 

9.9818 

8.5149 

6.0900 

9.8170 

4.7571 

6.4378 

4.3316 

9.3683 

7.6887 

7.0851 

5.6303 

7.5347 

9.5859 

5.5410 

8.8868 

6.3312 

5.5163 

6.8434 

7.8111 

6.9299 

8.6745 

6.9376 

11.3433 

6.4232 

5.8380 

8.5783 

9.2422 

7.8779 

9.8434 

8.2949 

10.4210 

10.0794 

6.6279 

10.8887 

8.2525 

8.3434 

6.8573 

8.0312 

5.9771 

8.7121 

9.5038 

10.3103 

8.2794 

8.7784 

11.0880 

9.6572 

10.5491 

7.5659 

9.5129 

7.0833 

9.7923 

12.0997 

7.9171 

8.4312 

5.1215 

9.7376 

8.4033 

9.6798 

7.3493 

8.8697 

8.3149 

9.4393 

9.9076 

9.6111 

4.4092 

9.7839 

4.6177 

7.1374 

8.6913 

5.9864 

8.1250 

6.8016 

8.2022 

9.1064 

10.1129 

7.0196 

11.5793 

7.4994 

7.5920 

9.0385 

8.5545 

5.2021 

8.4655 

5.6837 

7.2897 

5.8234 

7.1152 

5.4015 

5.5798 

8.2292 

4.0613 

9.1735 

9.1761 

6.8169 

9.0545 

9.5947 

7.4715 

7.4432 

6.8815 

6.1137 

7.7929 

5.2228 

8.8319 

5.7587 

5.2475 

7.5178 

8.8157 

8.6149 

11.6606 

11.2544 

8.4403 

8.4870 

9.1537 

9.6643 

8.2251 

7.1306 

4.8795 

10.3186 

8.8414 

10.9192 

8.0595 

7.9957 

7.5698 

8.6387 

9.3453 

6.0160 

6.2861 

5.2047 

8.0929 

4.2923 

9.5093 

6.1128 

5.4983 

9.5943 

7.8302 

8.6555 

9.3357 

11.4047 

10.2717 

12.0978 

9.6345 

7.0605 

8.7780 

9.3497 

7.1070 

10.8191 

10.1403 

4.6634 

4.5843 

8.2278 

8.2360 

10.9909 

8.1524 

9.0044 

7.4514 

6.6047 

9.2417 

7.7227 

8.1118 

7.2849 

0.9841 

11.9236 

9.5057 

6.1118 

7.5792 

8.8929 

10.2711 

7.9439 

7.2403 

3.9029 

6.0756 

9.7920 

6.5039 

7.5699 

9.0290 

6.5144 

6.0586 

6.9565 

11.0721 

7.5046 

6.8769 

8.1394 

7.3783 

4.3054 

10.0403 

8.0868 

5.7392 

8.3104 

7.0777 

8.0732 

12.7224 

5.9802 

7.2622 

6.0307 

7.3164 

6.7093 

9.3298 

10.3291 

8.6653 

7.8129 

3.6497 

7.7973 

7.5209 

8.3111 

7.8981 

8.2063 

6.7409 

8.1233 

10.2503 

6.3288 

10.0726 

9.5475 

8.1602 

4.8123 

11.2548 

12.3086 

8.6982 

7.7078 

11.2364 

10.3371 

5.6843 

6.8105 

8.0824 

6.7709 

7.4259 

6.8968 

8.7348 

8.5358 

7.6395 

8.7570 

7.3751 

6.0558 

5.9746 

9.3954 

10.6250 

8.5875 

5.2556 

5.8858 

12.0286 

4.7918 

9.3181 

8.1293 

9.4381 

7.9979 

11.5877 

7.8873 

8.0655 

6.4270 

9.7883 

10.7928 

11.4394 

5.8797 

8.7916 

7.1837 

6.9320 

8.0564 

12.2772 

10.9001 

7.8129 

7.9958 

7.0623 

10.1445 

5.5928 

8.0857 

5.3692 

6.9968 

7.9889 

7.2439 

5.1155 

6.4524 

2.7373 

6.5874 

6.5789 

8.9972 

9.8417 

12.5337 

9.9305 

6.2563 

4.7863 

6.9190 

6.5501 

7.0483 

5.6027 

6.4963 

8.1849 

7.2116 

6.6325 

7.1584 

9.0716 

12.0338 

7.3076 

11.0132 

9.5350 

8.5598 

9.6852 

9.3143 

8.4366 

9.1246 

6.5163 

6.9203 

3.5819 

9.3359 

7.5161 

10.3563 

8.9127 

10.1100 

7.9727 

8.1016 

7.5555 

6.7400 

6.9917 

6.7992 

10.5822 

9.7752 

9.9973 

9.6920 

5.0228 

7.5303 

9.8457 

10.7349 

2.3152 

11.5322 

10.1860 

7.3431 

7.5110 

11.0503 

6.7917 

5.8984 

10.6391 

7.8967 

8.5782 

6.0351 

7.8149 

4.2521 

7.1269 

6.5573 

7.3929 

12.4048 

6.6110 

7.5218 

9.1339 

7.5053 

12.1477 

6.2552 

8.2741 

11.5597 

8.2715 

8.8444 

9.6904 

8.5446 

9.8383 

10.5297 

12.5658 

7.5024 

4.8582 

8.1035 

7.9167 

8.0097 

9.7403 

11.4129 

6.8787 

9.9617 

6.7551 

8.5519 

5.4991 

8.2107 

7.7917 

4.5408 

7.3057 

3.6899 

8.0303 

7.5928 

11.1445 

7.1157 

7.7306 

6.9545 

6.8979 

6.4069 

10.2332 

6.0916 

8.1109 

5.9296 

10.4014 

8.5705 

8.4431 

7.8178 

10.4189 

6.3069 

5.4232 

6.4623 

7.7998 

8.2245 

2.6314 

8.8935 

4.0575 

7.6318 

4.8074 

10.0061 

9.7892 

3.7512 

9.0335 

10.1040 

7.3860 

10.3686 

11.8179 

8.1102 

7.5218 

9.9925 

6.9864 

7.7778 

7.8153 

10.1222 

7.8117 

9.9319 

7.4271 

6.1881 

4.0325 

8.0464 

8.2809 

11.2538 

9.4211 

6.6254 

7.0994 

5.9122 

7.9014 

5.3201 

5.8769 

4.2680 

4.9925 

6.5435 

8.6286 

7.5759 

6.0519 

9.9703 

7.6732 

8.8787 

8.6964 

8.0375 

6.5641 

5.0185 

7.9430 

6.5092 

10.4113 

10.3769 

3.8989 

8.4449 

9.5345 

7.5802 

6.5348 

10.5547 

7.8410 

7.6233 

9.7109 

12.2916 

7.5332 

9.0820 

6.1130 

7.6053 

5.4337 

6.2720 

8.4549 

4.9852 

9.3993 

11.8190 

6.5958 

13.6386 

7.8859 

9.9237 

6.6358 

9.8595 

7.2815 

8.4078 

11.0712 

8.8414 

7.9132 

8.7964 

11.3106 

8.7957 

4.9095 

6.3661 

7.9025 

10.7601 

7.8854 

10.3961 

6.2473 

7.3153 

6.4693 

7.1050 

8.6160 

7.3779 

7.0490 

8.5674 

3.6580 

10.4720 

3.3804 

5.0579 

7.0976 

10.7215 

11.0726 

4.9684 

9.1403 

9.0868 

4.0270 

11.0739 

8.2747 

10.8695 

6.8229 

4.6335 

9.4505 

10.7090 

8.2692 

8.8240 

6.5082 

8.8108 

6.7370 

6.2467 

5.9099 

4.9135 

7.7182 

7.4237 

7.4964 

7.3439 

5.6892 

5.7079 

8.5152 

9.2415 

8.0372 

11.1011 

8.2663 

8.5503 

5.6585 

8.0135 

6.8595 

9.1911 

8.4529 

7.4326 

8.9696 

7.6584 

5.0303 

8.4666 

9.6350 

5.2583 

8.0812 

2.0366 

7.4568 

9.3515 

9.0284 

11.8518 

2.8440 

12.8848 

6.2752 

9.0878 

6.7277 

8.5743 

8.0512 

9.9069 

10.8816 

6.6419 

9.4799 

7.6586 

8.0437 

8.9283 

10.2035 

7.9682 

2.7914 

6.2526 

8.4882 

8.7982 

6.9797 

8.7965 

7.9261 

8.3760 

6.9451 

6.1519 

10.9380 

7.5195 

4.5198 

6.1498 

8.2154 

8.1130 

7.6154 

4.6993 

4.0610 

6.4368 

9.8572 

6.9673 

6.0399 

7.7797 

7.2838 

8.9647 

10.4734 

5.5407 

7.4402 

9.6391 

9.1734 

