9.6987 

6.2994 

7.4167 

8.4069 

13.8266 

6.4359 

4.2538 

6.7373 

9.7480 

8.7380 

9.6247 

7.9933 

8.7371 

10.3482 

10.9695 

8.3196 

6.8819 

2.9812 

13.5785 

8.1117 

9.9080 

8.4021 

6.5864 

7.2051 

6.0899 

10.5068 

6.5165 

7.6924 

10.4860 

10.0831 

8.6387 

6.3335 

6.4227 

7.8469 

5.8327 

8.3511 

9.4856 

7.7133 

6.8635 

9.0230 

7.9578 

8.8542 

6.4048 

11.2061 

6.8092 

9.1296 

3.8278 

7.7098 

6.9655 

7.6495 

7.5134 

3.9383 

8.6263 

7.2378 

7.6387 

3.8813 

9.5384 

8.3200 

12.6709 

6.8565 

8.9121 

9.9609 

11.7000 

6.3670 

7.7898 

7.4623 

8.6630 

12.6878 

7.8424 

5.8365 

9.1827 

8.5938 

9.0867 

7.9050 

10.3856 

8.4057 

9.5028 

7.9187 

5.9890 

11.2076 

9.3981 

10.9708 

11.2749 

7.7577 

8.0072 

7.3456 

8.4486 

9.0684 

7.3956 

10.5432 

4.7603 

7.4364 

7.5943 

7.5591 

8.9378 

7.6283 

10.7257 

8.5915 

6.9688 

7.0752 

10.0183 

4.5471 

8.2600 

5.0350 

8.9681 

9.6784 

9.5619 

6.5347 

5.8952 

8.4045 

7.7890 

9.0908 

9.0329 

8.0709 

7.5724 

5.3464 

9.1014 

9.5541 

7.6185 

10.3603 

8.5428 

8.3609 

7.0164 

6.0618 

9.0297 

6.0101 

10.4529 

9.9919 

9.1277 

7.4411 

7.9452 

11.1049 

4.2574 

10.1106 

10.5492 

11.2226 

8.7874 

10.3808 

7.9561 

12.2164 

8.7351 

6.0926 

6.6521 

7.0116 

13.8326 

5.1910 

3.7789 

4.3549 

7.5407 

8.1885 

7.3021 

6.4457 

7.2022 

9.0345 

9.3590 

4.7592 

9.2491 

9.7028 

7.7387 

9.3758 

8.2206 

7.2255 

8.1590 

9.4674 

8.0909 

7.2867 

6.1778 

9.8662 

10.8242 

7.9872 

9.1473 

13.1015 

10.7231 

4.3265 

9.0651 

7.1813 

4.0592 

11.3888 

5.6230 

9.7620 

11.0751 

8.3236 

5.6467 

6.6536 

10.0710 

6.1178 

9.6390 

5.7980 

9.6412 

8.1184 

8.5860 

6.7045 

7.5084 

6.6994 

9.3374 

7.5020 

5.1249 

10.2320 

11.5843 

9.9735 

8.8050 

5.6493 

12.7758 

7.4654 

10.5696 

10.5127 

6.1622 

7.4375 

9.1894 

7.6615 

7.9881 

8.1625 

8.6093 

10.3227 

6.2395 

7.8562 

6.2727 

9.7016 

8.3804 

8.9671 

7.1118 

7.2049 

5.3212 

5.8558 

7.4864 

8.2438 

8.8117 

5.0531 

7.0708 

7.6646 

6.8863 

6.8087 

8.8767 

7.2138 

5.5587 

5.4096 

7.8865 

7.2651 

9.0753 

7.3884 

11.6660 

7.1039 

8.6782 

7.4500 

4.3532 

9.7310 

9.3033 

9.1788 

5.5151 

4.6567 

8.9636 

7.0906 

6.2644 

8.4069 

9.6467 

11.1524 

