8.4421 

7.5537 

8.4567 

6.1291 

7.7166 

6.1754 

10.7675 

6.6622 

5.7641 

6.2371 

9.8292 

4.7173 

9.5472 

8.2566 

7.3733 

10.0012 

10.6249 

7.6744 

10.0510 

5.8636 

7.4098 

5.0118 

7.7622 

7.0814 

6.5312 

7.5727 

8.7881 

8.6791 

9.2708 

5.6256 

6.8133 

7.4279 

8.6496 

9.9819 

8.5667 

7.0472 

10.4282 

10.7573 

8.4871 

10.6885 

9.6773 

6.6704 

6.2178 

5.9801 

9.8789 

9.1750 

6.0686 

7.6376 

8.1162 

10.0537 

11.7184 

9.0856 

10.7628 

6.9569 

8.4744 

5.7639 

6.5608 

9.4304 

9.6099 

9.8561 

8.2283 

7.9388 

4.5680 

6.3606 

6.8345 

11.0945 

5.6339 

6.3363 

7.3399 

7.5097 

6.4318 

6.7703 

6.4262 

7.2128 

7.9156 

7.4466 

8.7763 

7.3474 

5.6329 

8.2302 

5.9085 

8.6000 

4.3569 

9.2474 

9.7869 

4.7490 

6.8738 

9.3257 

8.6694 

7.8996 

5.3564 

10.0905 

8.3363 

10.7654 

11.4296 

7.8454 

7.6662 

5.5981 

7.6613 

10.9432 

8.5261 

6.6000 

6.7014 

5.4245 

10.3505 

9.8749 

5.1395 

3.8644 

6.4107 

9.5284 

9.4470 

2.7677 

4.7251 

7.5106 

6.7508 

6.2727 

7.9559 

7.3303 

8.3127 

8.1831 

5.6805 

9.6202 

10.9483 

7.9897 

10.5720 

11.5313 

9.7421 

6.8249 

6.6035 

7.6881 

8.8933 

9.0548 

5.9507 

6.2603 

6.9921 

5.9197 

5.1179 

6.0587 

9.5296 

10.9291 

3.9956 

11.7110 

4.6640 

8.8515 

13.2757 

9.0168 

6.0572 

8.2179 

6.9508 

10.8716 

10.2648 

6.7851 

11.2655 

8.0365 

7.9213 

5.5028 

7.1761 

8.4212 

5.2073 

6.2352 

9.8885 

11.9912 

7.9911 

10.5624 

7.4069 

9.9584 

7.8927 

8.5750 

7.8018 

9.7224 

7.0915 

10.0322 

5.7761 

11.5296 

7.9722 

8.5408 

9.8513 

8.8890 

7.4478 

9.4034 

6.8703 

5.3293 

9.3209 

9.4256 

10.0832 

5.6775 

11.8641 

6.9491 

10.2968 

6.5945 

7.3142 

9.8327 

11.8138 

8.9025 

8.2246 

8.1219 

6.6978 

7.9949 

7.2524 

6.8960 

9.0208 

2.0697 

5.1416 

10.5033 

4.5911 

10.9104 

5.6674 

8.9717 

5.1766 

8.8309 

9.9622 

7.2668 

8.2283 

6.6656 

9.0975 

4.7192 

9.0085 

9.6296 

13.0820 

7.8938 

9.2885 

5.9421 

9.5502 

4.5773 

5.9513 

9.3715 

10.0576 

8.6134 

7.2314 

7.1305 

8.3896 

8.1270 

9.7054 

11.0131 

9.4752 

8.1851 

7.2368 

7.7980 

4.5708 

7.4448 

7.6609 

7.4365 

10.0249 

7.5051 

4.9494 

5.0916 

7.5876 

7.7063 

9.2846 

6.9748 

6.7755 

7.6249 

7.8827 

8.9913 

6.5397 

9.3374 

10.6570 

4.8786 

8.2766 

8.7236 

11.0814 

6.1672 

10.3018 

9.5873 

7.9170 

5.0488 

6.6570 

7.9394 

8.7865 

8.5914 

10.3985 

5.5769 

7.6172 

5.0910 

6.6676 

9.8560 

8.0072 

7.1970 

8.9211 

6.6592 

9.1496 

6.5254 

6.6297 

11.1563 

9.1996 

10.6537 

9.0442 

7.8226 

3.6050 

9.3583 

8.4564 

1.7591 

7.8000 

10.5128 

7.5595 

6.4956 

5.4263 

6.3206 

5.0171 

6.8657 

7.2835 

10.4200 

7.0514 

10.3721 

10.2447 

8.0602 

10.9695 

11.8596 

7.3226 

8.0450 

6.0173 

8.0475 

11.5310 

6.9208 

8.0435 

7.6963 

9.5078 

10.3596 

6.5555 

12.4227 

8.2969 

7.1959 

5.8108 

12.9968 

10.7291 

7.1805 

7.2001 

6.2231 

7.6730 

10.2678 

9.1817 

7.0273 

7.2391 

5.4528 

10.6191 

5.4354 

8.8837 

10.3172 

7.5389 

12.3396 

6.6953 

6.3201 

4.7571 

9.6081 

9.3166 

9.6949 

9.3656 

6.4202 

6.1532 

5.6877 

8.5856 

5.7856 

9.3637 

6.7574 

9.7019 

7.9404 

7.4439 

8.1161 

6.7669 

3.5216 

6.0820 

7.6016 

7.8276 

10.2396 

7.3418 

7.6202 

9.4553 

8.5642 

5.0210 

9.2057 

8.3442 

9.6854 

10.0801 

8.9509 

6.9751 

10.3696 

6.8143 

8.1497 

8.0529 

5.6982 

8.3298 

7.7998 

10.5408 

8.1084 

10.4578 

6.4929 

5.4407 

7.3061 

7.9158 

9.6497 

8.5778 

9.8417 

7.9893 

8.7732 

6.6626 

10.4963 

9.0718 

7.9600 

8.8863 

5.7845 

6.4685 

9.5979 

10.7955 

9.4068 

7.0718 

9.4729 

10.2036 

7.8881 

9.5371 

7.0102 

4.7370 

8.5927 

9.7963 

5.8686 

6.3562 

6.9253 

8.3385 

7.3629 

7.4599 

9.9595 

4.2966 

6.2933 

6.5590 

10.0809 

9.5736 

7.6546 

7.1324 

5.7347 

6.3309 

8.0860 

6.7929 

9.6779 

8.9319 

9.3648 

8.9829 

6.0928 

9.2697 

5.8984 

6.8988 

6.9799 

8.0703 

8.8933 

8.2876 

8.3847 

6.4340 

8.6006 

9.4244 

8.9351 

8.1113 

6.8237 

8.3704 

7.7104 

9.9236 

6.5826 

10.1266 

6.6891 

8.3462 

6.9065 

5.4485 

7.3263 

5.2549 

5.0132 

6.7485 

5.6976 

8.9198 

5.3612 

10.0773 

10.2623 

7.9619 

12.0128 

10.1559 

6.2764 

6.2476 

9.2112 

4.7710 

10.5780 

4.8324 

4.6198 

9.4588 

11.8714 

9.7264 

6.4719 

10.0046 

10.1198 

6.8932 

7.4869 

8.4569 

9.0584 

9.3109 

8.6517 

8.4326 

6.0558 

7.5293 

8.6864 

5.3811 

8.4327 

4.6373 

6.8447 

7.1598 

6.0395 

8.4839 

9.0795 

6.8995 

11.2506 

9.8375 

9.4786 

5.7978 

8.2160 

8.5293 

11.3504 

11.3854 

7.0391 

7.9578 

8.5735 

8.5123 

11.8895 

4.1885 

10.8644 

7.6847 

8.6886 

5.3320 

9.1135 

5.2520 

10.6315 

7.8585 

8.2149 

7.2997 

9.1811 

11.3844 

11.3737 

5.6470 

5.1486 

6.2870 

4.2545 

6.3443 

8.7095 

6.2180 

6.0091 

7.8833 

7.3634 

7.3477 

4.9674 

7.6557 

10.2745 

8.5972 

9.5786 

8.0336 

8.0180 

9.6943 

6.5642 

8.6590 

9.5800 

8.0974 

9.6180 

7.8989 

7.3933 

6.8591 

7.1627 

8.6440 

4.9279 

7.4844 

8.5925 

5.9485 

7.3667 

4.0607 

8.9554 

5.2754 

7.0842 

8.5350 

8.5410 

7.0448 

9.6964 

8.6455 

5.5682 

4.7936 

8.1440 

11.9777 

8.4415 

7.3647 

4.9793 

11.5660 

5.1946 

5.8461 

12.6390 

4.5347 

11.3618 

6.3302 

5.9708 

11.3524 

7.5766 

9.7406 

10.5131 

10.3169 

7.5385 

7.7917 

9.6144 

7.4894 

7.4239 

8.3133 

9.0785 

6.3115 

8.3021 

12.3130 

7.7483 

8.0221 

7.9517 

7.9915 

6.6149 

6.6612 

6.9956 

5.3777 

7.7930 

5.1621 

7.7928 

9.8610 

10.3511 

10.5490 

9.6560 

8.3528 

11.2823 

9.8974 

8.9084 

5.8619 

8.0335 

6.7827 

7.5390 

10.6657 

3.8706 

12.2947 

6.1083 

6.3325 

9.5962 

10.5135 

7.9250 

8.8529 

12.1491 

6.5765 

6.9275 

10.4705 

7.6195 

6.9441 

7.2832 

9.6409 

5.9636 

8.5177 

10.9661 

6.5447 

12.1829 

9.3840 

10.6061 

9.9374 

9.8663 

9.5813 

6.1707 

6.2743 

7.6167 

9.7009 

9.1569 

10.1061 

3.8005 

8.2835 

9.0798 

12.7093 

7.4848 

10.2871 

12.0674 

9.3072 

10.5425 

6.7049 

9.9529 

9.9357 

8.8900 

7.6116 

7.7859 

9.2158 

7.9331 

10.2754 

7.5445 

8.9334 

12.0410 

4.6074 

9.7669 

7.6324 

8.3528 

12.5224 

6.5743 

4.5394 

7.4226 

9.8854 

9.7502 

7.1540 

6.8651 

9.6416 

8.5376 

4.8950 

9.5183 

6.3122 

7.3282 

7.1844 

5.1258 

6.1332 

7.1148 

11.4983 

9.2535 

10.0670 

6.6081 

7.5885 

8.1648 

8.6325 

10.8625 

11.5436 

12.7293 

7.9216 

3.6532 

5.8173 

9.6629 

6.3576 

8.6124 

6.3524 

4.6691 

4.1197 

7.2747 

8.4969 

8.2074 

8.7336 

6.4788 

8.4819 

8.8680 

7.9879 

10.9502 

5.7981 

6.6104 

6.2203 

9.3594 

8.5411 

9.7891 

6.7571 

10.3855 

7.5752 

6.7557 

9.6011 

12.0964 

6.9862 

7.5016 

1.7151 

8.1198 

7.5932 

9.7878 

7.8662 

8.5764 

9.6384 

10.3450 

11.4166 

8.4038 

9.7662 

9.1201 

7.4420 

10.1803 

3.4803 

5.0804 

10.2678 

8.0075 

9.1928 

6.8154 

4.8001 

5.9694 

4.6610 

10.5709 

8.1743 

6.0641 

5.9374 

10.3819 

7.2678 

5.5497 

7.7840 

8.9271 

8.4465 

6.5034 

5.7512 

6.8410 

9.5067 

10.2060 

8.4202 

10.4099 

7.2693 

7.8967 

6.2508 

4.8265 

7.0386 

6.8415 

6.6303 

7.8561 

7.7624 

9.8743 

8.3777 

9.3939 

8.9833 

7.8339 

8.0805 

6.0344 

7.9954 

9.1098 

3.0027 

6.6821 

9.3869 

8.4970 

7.5260 

9.2429 

7.1135 

12.0395 

9.8505 

5.2313 

11.1774 

4.6727 

7.2494 

7.8578 

8.4666 

6.7252 

8.6304 

5.1452 

5.9817 

7.5045 

8.0160 

9.1302 

8.1605 

11.8405 

9.0725 

9.0574 

9.5014 

10.5317 

8.9345 

4.9826 

7.8286 

8.2268 

12.2398 

7.0331 

8.8141 

7.8576 

9.6643 

12.1293 

10.0093 

9.2257 

8.4340 

5.6337 

8.4332 

7.6380 

7.9048 

7.7160 

6.0242 

7.0519 

7.6179 

10.4134 

8.9891 

3.8406 

9.8403 

9.2941 

9.8850 

10.8684 

6.7510 

10.8269 

4.9335 

8.7737 

12.7533 

11.1086 

6.4060 

6.6811 

9.3838 

6.6790 

7.7848 

9.6566 

7.3030 

9.3235 

4.5882 

10.1194 

7.7531 

10.8446 

8.2159 

5.5487 

3.9270 

6.4379 

9.1136 

9.6649 

7.2265 

8.8997 

10.0746 

8.1341 

7.9805 

3.9393 

6.3993 

4.0296 

6.7282 

7.4177 

4.3820 

9.2567 

8.3886 

9.2223 

8.5759 

7.8108 

8.1460 

7.7281 

9.4192 

8.8776 

9.7891 

6.4900 

9.4350 

2.5150 

12.0030 

6.0566 

9.8318 

8.7492 

6.1641 

10.0229 

12.0922 

10.4034 

10.5029 

6.9778 

7.8117 

8.4578 

6.3656 

6.2071 

5.6521 

8.1305 

4.0184 

11.0167 

5.5121 

11.9416 

5.6152 

7.9065 

7.3580 

9.9706 

8.3594 

3.9936 

8.1289 

8.3011 

6.2902 

7.0083 

9.5559 

7.6883 

8.8762 

7.3442 

5.3787 

9.6431 

7.7047 

9.4030 

10.7547 

6.8723 

7.4979 

7.1791 

9.4478 

9.2173 

10.2926 

8.4612 

8.4419 

9.8042 

10.5833 

11.2376 

9.7524 

6.4731 

6.3663 

7.2575 

6.9818 

4.0128 

11.4850 

10.1805 

9.0698 

9.4231 

11.2811 

10.8198 

7.3424 

10.0925 

9.1301 

8.1261 

8.1884 

9.2014 

7.8335 

7.0218 

7.2713 

6.5876 

9.7174 

7.7609 

5.3482 

9.7097 

9.4654 

8.0889 

10.4140 

10.0421 

8.8850 

8.2582 

7.4438 

9.6528 

8.4594 

6.3929 

9.6995 

6.5201 

5.0573 

3.9991 

8.1959 

8.1393 

7.6680 

9.1738 

6.3702 

7.7242 

7.0282 

10.4122 

5.8865 

6.0070 

11.2818 

8.2531 

6.6551 

4.7170 

11.1007 

8.7733 

9.2782 

2.6324 

10.0404 

10.1616 

8.2640 

9.8387 

8.3029 

9.0729 

7.6743 

9.1006 

6.2878 

7.5480 

6.3272 

8.5069 

6.4883 

8.0806 

10.8133 

5.9123 

6.3531 

6.8395 

5.9810 

11.2699 

7.9675 

7.4531 

5.9562 

9.5358 

4.6452 

12.1642 

9.3531 

10.0154 

8.3420 

8.7520 

7.9373 

4.7017 

6.6175 

8.5874 

10.9326 

6.1588 

9.0572 

7.1780 

7.6589 

7.5381 

9.5137 

7.2928 

7.0157 

7.3436 

6.8148 

7.7854 

7.6494 

8.8310 

8.2345 

6.7678 

8.2062 

10.7165 

5.5471 

6.6696 

11.6639 

7.4919 

5.7879 

9.3031 

6.0606 

9.4802 

4.2284 

5.7391 

9.5956 

7.0281 

4.7138 

4.4547 

7.1375 

5.9161 

8.0244 

9.4535 

6.8736 

8.5894 

9.6938 

10.4156 

4.4031 

7.1442 

11.6236 

7.3696 

8.9065 

8.9362 

8.9019 

9.3091 

6.9665 

8.9326 

7.5041 

6.7134 

9.3551 

5.8161 

10.8171 

10.2800 

6.6841 

8.0456 

7.1107 

10.8665 

5.6384 

9.4720 

6.2440 

9.4962 

8.6517 

6.7717 

8.7442 

8.5631 

8.4155 

7.7599 

4.0710 

5.6698 

11.2158 

9.6639 

3.8881 

8.0201 

7.7793 

10.5117 

9.4872 

12.1028 

9.1323 

6.8339 

9.6548 

10.2090 

7.7441 

8.6329 

6.8236 

7.1199 

7.5927 

8.0479 

11.3624 

8.7257 

8.7165 

11.7912 

6.5139 

7.2315 

7.9748 

8.6960 

7.9179 

7.4925 

5.7004 

7.5224 

8.6452 

5.4164 

4.5363 

5.1093 

7.7023 

9.8356 

8.6766 

8.0834 

10.4640 

6.9090 

6.0370 

9.0531 

7.1210 

10.4386 

8.3582 

3.6674 

7.7016 

9.9708 

10.7735 

10.3718 

8.9898 

9.2706 

7.4877 

5.7018 

7.3631 

9.6409 

10.1127 

7.1259 

7.0409 

8.7607 

8.7114 

5.9881 

7.4606 

5.0374 

6.0731 

10.3657 

2.8092 

9.1541 

10.7046 

7.5906 

7.1083 

8.9736 

6.6054 

11.8303 

6.0929 

8.3557 

9.4259 

7.5085 

7.6432 

9.0528 

11.0926 

3.6848 

10.4551 

10.3508 

10.5671 

8.5939 

8.4232 

7.4437 

8.1055 

12.4860 

4.8547 

11.8498 

7.7405 

8.3271 

7.3019 

6.5894 

4.6035 

10.2902 

8.8932 

10.7811 

7.3224 

8.4545 

3.2273 

9.1475 

6.4025 

5.4340 

8.7950 

11.1064 

12.7559 

10.0740 

7.5789 

9.0549 

6.9146 

7.0449 

5.2364 

8.2925 

8.7169 

7.1888 

6.6083 

7.1915 

7.0081 

9.8718 

7.0776 

4.7522 

6.1628 

10.4128 

9.2582 

5.6920 

7.1120 

6.7893 

7.2381 

7.5375 

9.6167 

6.9763 

5.0401 

7.5766 

8.8342 

9.3084 

10.3955 

7.2322 

8.6264 

7.2229 

8.5949 

3.7286 

10.2229 

11.0957 

7.7223 

7.8583 

10.4367 

5.6680 

8.9204 

8.4853 

10.3961 

6.1298 

8.7833 

8.7548 

9.2106 

8.3170 

8.6584 

9.6116 

8.2937 

9.6300 

6.3530 

8.2512 

6.2298 

8.6333 

11.5959 

9.3674 

5.9065 

12.5632 

10.8032 

12.3559 

5.9859 

12.6019 

6.7652 

8.5205 

4.8232 

5.7599 

7.5590 

7.0584 

3.8048 

8.2603 

6.7604 

9.2767 

7.7836 

8.3166 

8.8823 

6.5177 

10.8649 

5.6900 

8.5061 

8.6344 

9.0391 

6.1028 

8.6976 

11.0424 

5.8577 

6.0557 

7.8989 

9.3267 

6.7979 

5.6547 

8.7479 

10.0234 

9.9273 

6.0067 

7.9856 

5.1512 

5.7909 

7.9998 

10.2854 

9.2522 

8.5635 

5.3616 

8.8410 

9.7872 

9.5239 

6.0538 

9.0872 

12.6818 

10.3599 

9.6049 

7.1225 

9.6076 

5.3541 

9.8688 

9.0637 

7.3784 

7.5270 

7.5767 

9.2926 

7.9234 

4.0611 

8.7504 

9.5360 

8.6611 

8.4176 

8.0761 

7.8689 

8.9858 

9.2650 

11.6456 

5.6684 

6.5692 

7.1453 

9.5355 

10.2461 

5.7501 

6.6113 

8.5133 

8.2194 

9.2738 

6.8282 

8.4970 

7.7925 

9.3447 

4.4582 

8.2600 

8.1478 

11.1976 

8.8343 

9.2556 

9.3081 

6.0689 

8.0973 

7.1538 

9.0487 

5.8081 

6.2898 

10.4002 

7.3599 

11.7977 

8.8593 

12.3846 

9.1189 

6.4033 

5.1309 

9.5929 

8.4678 

9.8675 

8.8432 

8.5047 

9.6584 

4.8194 

9.1664 

9.4269 

4.0614 

8.2856 

6.4722 

5.9578 

5.4852 

11.0600 

9.1555 

6.4730 

8.8178 

6.2624 

7.0065 

5.1632 

7.4186 

10.2456 

5.9444 

8.8290 

8.7839 

4.3434 

6.3913 

9.5313 

8.5551 

6.4402 

9.1152 

9.5411 

5.8263 

8.6078 

7.6098 

7.3541 

7.4782 

7.1123 

8.5469 

6.7946 

6.0538 

12.0828 

11.0709 

7.6489 

6.8497 

7.9951 

6.2861 

11.9990 

8.0801 

10.0772 

6.1651 

10.8946 

5.0161 

9.2124 

4.2537 

7.1304 

6.3300 

8.4870 

8.0274 

8.7431 

8.8619 

11.4531 

7.3488 

6.2786 

9.8908 

9.5645 

7.4988 

6.5999 

4.7466 

7.2207 

5.1262 

10.3203 

7.5854 

7.6723 

3.1692 

8.0561 

4.9180 

9.6683 

11.5452 

6.5212 

6.6618 

7.0709 

10.8968 

7.4716 

6.1346 

7.5994 

7.2825 

10.6337 

7.4765 

7.6859 

9.8333 

5.8074 

7.6232 

4.1998 

5.9107 

7.1985 

7.0336 

7.7203 

8.2107 

5.4061 

8.5235 

5.8356 

10.4839 

10.1600 

5.4953 

7.2822 

9.2194 

3.6548 

4.6583 

9.0443 

9.0648 

5.2914 

6.9797 

7.7334 

6.5251 

7.3775 

8.2189 

8.6110 

4.9257 

6.6895 

5.6126 

6.7352 

5.6666 

11.9007 

9.4351 

7.4655 

10.0510 

6.9023 

9.8055 

6.2938 

8.8058 

9.3172 

7.3544 

7.6772 

9.7849 

6.1940 

7.2847 

6.4547 

5.8541 

8.3982 

6.7379 

7.9708 

11.6382 

7.2071 

5.1556 

8.4244 

5.4475 

4.8361 

7.5502 

6.5444 

6.5445 

8.3747 

7.7819 

4.7548 

11.4847 

9.7236 

10.7356 

11.3663 

7.8871 

6.9896 

7.8704 

11.8599 

5.4781 

8.8326 

9.8956 

5.5405 

8.2061 

11.6595 

12.3039 

7.1599 

4.8901 

7.5333 

5.6336 

5.2809 

8.6759 

5.4010 

8.3098 

8.1948 

10.4725 

4.2440 

9.4465 

6.6963 

6.5094 

7.0785 

9.3511 

10.7776 

6.7270 

6.7760 

3.3806 

9.8811 

8.5922 

9.9251 

11.8464 

3.9579 

11.0691 

11.8242 

5.4927 

9.5736 

8.2741 

9.2750 

5.9527 

8.8750 

8.1137 

10.1631 

8.8223 

7.3027 

7.3458 

7.4151 

12.8549 

7.7013 

9.9941 

8.2003 

9.8234 

5.4561 

7.3724 

7.4869 

7.9314 

5.6459 

6.6280 

8.4584 

3.9921 

7.2143 

8.4128 

9.5685 

11.1158 

10.2793 

8.0296 

7.9242 

7.7013 

7.6566 

6.3631 

6.0009 

6.0365 

11.0076 

9.9494 

7.6180 

9.3245 

11.1149 

8.7411 

6.6602 

10.1436 

6.8250 

4.7953 

9.0784 

6.3480 

10.1901 

6.9149 

7.7924 

8.1363 

7.6312 

8.2013 

10.6433 

7.2055 

10.3937 

3.5386 

7.9864 

9.0357 

5.0654 

8.4289 

9.9565 

7.9253 

10.8094 

9.7910 

11.0077 

5.0480 

6.0849 

6.5797 

4.7806 

8.2567 

5.4504 

7.6640 

3.7766 

9.5931 

9.4432 

10.6781 

8.1792 

8.3013 

9.2688 

9.0795 

6.5641 

9.0739 

5.3967 

8.5875 

8.2219 

6.5813 

7.8850 

4.9920 

7.5650 

4.8993 

5.9693 

6.6014 

5.7445 

9.2783 

7.0208 

10.7434 

6.8248 

5.0467 

5.8837 

9.5807 

6.2955 

5.1128 

9.5189 

7.1672 

8.2944 

8.4455 

6.9663 

7.1475 

8.7554 

3.6398 

8.4606 

7.9272 

12.4102 

6.6236 

8.7481 

7.1686 

7.0682 

4.9650 

9.1679 

8.6388 

7.3307 

8.2819 

7.9701 

8.5215 

9.4280 

6.6923 

8.7812 

5.3067 

7.4282 

7.7640 

7.4233 

8.7760 

3.6993 

10.1926 

7.2825 

7.6472 

9.9898 

11.6221 

7.8669 

5.7565 

7.0806 

7.8983 

9.7255 

11.1904 

6.4043 

7.8533 

6.1457 

8.3532 

10.7159 

7.5467 

7.8276 

9.8014 

11.1166 

6.5044 

8.7018 

9.4066 

7.8922 

5.7840 

10.3725 

9.3206 

6.9488 

4.6137 

10.0469 

11.3852 

7.8090 

9.9206 

6.9766 

3.7892 

8.9142 

7.1360 

7.6071 

4.5250 

9.7983 

9.6911 

10.5880 

7.8539 

9.0369 

7.8892 

6.8108 

6.6644 

8.7323 

6.0716 

6.9610 

7.8063 

7.6399 

9.4243 

8.3930 

6.5375 

9.1446 

8.9933 

7.9645 

9.6488 

6.4996 

7.3320 

4.7753 

10.2177 

6.3627 

8.5304 

8.0748 

8.2658 

7.4448 

7.9689 

8.7811 

10.0130 

8.1821 

8.6372 

7.1146 

7.6417 

8.2608 

8.4825 

11.7150 

10.9765 

9.0644 

9.1894 

10.2553 

8.6707 

7.5476 

6.4173 

5.3218 

7.5354 

4.6881 

10.3585 

5.5977 

7.0205 

11.0788 

7.8702 

7.2158 

6.2434 

10.5170 

5.4020 

7.9667 

10.0153 

7.6349 

5.5698 

6.5804 

8.4286 

5.9852 

6.5130 

4.8448 

8.9216 

11.4677 

6.5249 

8.6881 

10.2067 

9.4343 

6.7115 

6.2180 

5.7853 

7.6935 

11.7561 

7.4252 

9.0221 

7.3726 

8.6796 

12.4282 

9.3540 

11.9487 

8.6697 

6.2386 

7.7840 

7.9550 

6.4413 

7.6313 

8.3333 

9.2735 

8.5032 

5.5971 

8.4882 

7.9804 

3.8608 

8.8103 

10.4773 

10.2535 

8.0724 

10.4677 

6.5866 

8.5523 

3.7914 

6.7281 

5.7178 

7.0087 

5.2457 

7.6842 

8.3662 

8.9224 

10.3624 

11.3112 

5.9721 

9.2772 

10.1155 

6.5490 

9.0000 

8.1526 

5.8901 

4.8990 

8.1436 

1.5470 

5.8343 

8.3970 

6.6258 

7.9790 

6.8193 

11.5862 

8.3812 

6.2884 

7.6876 

8.7504 

9.5113 

7.0987 

8.8441 

7.8584 

9.0307 

8.5031 

7.0296 

8.1927 

5.0914 

8.7849 

6.2306 

7.6871 

9.1436 

11.3899 

9.8593 

7.0275 

7.6947 

5.7829 

8.9498 

10.3513 

9.2607 

7.0006 

8.5863 

8.9953 

5.8026 

8.2532 

4.4840 

5.4832 

10.2441 

3.9318 

7.5029 

10.6044 

8.3101 

5.8161 

11.4761 

7.2993 

6.2292 

7.6682 

7.3417 

4.4996 

4.6426 

9.1132 

10.3555 

9.2871 

7.4516 

9.9367 

10.6768 

12.0395 

4.1851 

7.5212 

4.0684 

9.4966 

6.7293 

8.2515 

8.2452 

5.8349 

7.6231 

6.2077 

5.9276 

7.7508 

12.0360 

8.1050 

9.6533 

8.9747 

8.6601 

6.8254 

12.1215 

5.8967 

10.4377 

12.1161 

9.2437 

7.2946 

10.5471 

8.8361 

7.7053 

8.5093 

8.7117 

8.4137 

5.6944 

6.5616 

7.7062 

10.1833 

5.7449 

8.9811 

7.8616 

8.7921 

9.1544 

7.9557 

4.5196 

6.6659 

7.8773 

9.6722 

8.2955 

11.5499 

6.3729 

6.2975 

6.6787 

6.0813 

5.6050 

6.0458 

7.1174 

6.8356 

8.1024 

7.2656 

8.5977 

6.2334 

11.3492 

4.4411 

7.3444 

9.3212 

6.4369 

7.8487 

3.9534 

7.1107 

6.4119 

6.0435 

10.8521 

6.1343 

7.0522 

11.0341 

9.4056 

9.6194 

10.7481 

10.4280 

6.4685 

5.0974 

9.5058 

7.6128 

11.3132 

5.8965 

8.4727 

7.8061 

5.1944 

5.4802 

8.1680 

9.0102 

6.0873 

8.2167 

7.9796 

8.9465 

5.6223 

7.2944 

5.7897 

11.2839 

8.2135 

9.5053 

7.5143 

11.4290 

9.2636 

9.9900 

9.5947 

7.6260 

6.0753 

7.6168 

9.3107 

7.3354 

8.9003 

3.6760 

6.4057 

6.7556 

9.2930 

12.6841 

7.7784 

10.1616 

6.8941 

5.7983 

6.2044 

9.9927 

10.8633 

6.7606 

7.8040 

5.7675 

6.7446 

10.2180 

7.6318 

6.6613 

9.3086 

8.7653 

8.8367 

8.3079 

6.3445 

8.7294 

8.8102 

6.2007 

10.7688 

10.4218 

10.1339 

10.6611 

7.8574 

8.2881 

5.4963 

12.8130 

3.9788 

6.8245 

10.8038 

5.8091 

7.0317 

6.1617 

4.8491 

4.8982 

7.6779 

9.1380 

8.4086 

6.8546 

4.2504 

6.7205 

7.5240 

10.9288 

9.9288 

7.9714 

7.8805 

8.7922 

11.1930 

5.8066 

9.5712 

8.9188 

9.2227 

7.9407 

10.3546 

11.0018 

12.7738 

12.0154 

8.0891 

10.9342 

7.9106 

9.7626 

8.8634 

11.2561 

8.8462 

9.8763 

6.3957 

11.0779 

10.0289 

12.7669 

6.5574 

7.1214 

8.7340 

9.9139 

9.6781 

8.6132 

8.2020 

6.6374 

8.3343 

11.5837 

11.5676 

6.0147 

6.3220 

10.5110 

8.6937 

7.1468 

6.4591 

10.1921 

11.2561 

7.6686 

13.9214 

5.6171 

7.8250 

9.8236 

10.4271 

14.7742 

7.5019 

8.3371 

7.4242 

6.7632 

11.0413 

7.4347 

8.4266 

7.3022 

7.2715 

6.0202 

5.1787 

8.4053 

7.8859 

6.3511 

11.6105 

9.4069 

4.2025 

8.3770 

6.5005 

11.8850 

10.5430 

8.2958 

8.7847 

10.0020 

8.4249 

7.1552 

10.1286 

8.0656 

9.7980 

9.3097 

10.5176 

6.7730 

9.2555 

10.4294 

10.3084 

5.8842 

4.1261 

7.1095 

8.5837 

8.2975 

7.2996 

7.2143 

4.4090 

3.8347 

10.8072 

9.4352 

6.7311 

10.5315 

7.5647 

8.8710 

9.2864 

7.1931 

8.0674 

5.1058 

7.2972 

6.0101 

9.0217 

5.4410 

10.2997 

4.2883 

5.4478 

9.0162 

7.5082 

4.3223 

9.2670 

8.1551 

5.0582 

7.8007 

11.6732 

8.1778 

6.7067 

8.6890 

10.4560 

6.0601 

9.0986 

6.9090 

4.9917 

9.6049 

9.4258 

5.1675 

10.3431 

8.6255 

5.4123 

12.0424 

11.1401 

13.2078 

9.3954 

7.5043 

7.0622 

10.3299 

7.4270 

6.0488 

8.2585 

11.8725 

9.2920 

5.6175 

8.7929 

7.5194 

10.3653 

7.3275 

8.1486 

6.5780 

8.0273 

9.7290 

10.1858 

9.3129 

4.6448 

10.9185 

8.0498 

7.3428 

11.0548 

8.6655 

7.7939 

6.9727 

7.0414 

8.4221 

5.6803 

8.6155 

4.5040 

8.4045 

10.6811 

8.5918 

10.3547 

8.4678 

8.4987 

5.5361 

6.6792 

8.4728 

5.8448 

2.7612 

11.4528 

6.3571 

6.4125 

6.0638 

6.5249 

7.3770 

7.2683 

5.5867 

6.8536 

8.1377 

7.4410 

8.7282 

9.6105 

7.4807 

7.6428 

8.7598 

8.0243 

6.5756 

10.2450 

6.0386 

10.0213 

6.1950 

8.5691 

6.1107 

8.0388 

7.9145 

11.1793 

9.1028 

7.6878 

8.5960 

5.1454 

6.3324 

5.5955 

9.0786 

7.7892 

4.9996 

10.4240 

9.3152 

6.6797 

3.9940 

9.4282 

8.8902 

10.6046 

8.5251 

9.2943 

8.5946 

9.2944 

9.8556 

4.8750 

7.5308 

9.3814 

3.0148 

8.6541 

10.9846 

8.3315 

5.2944 

5.8789 

7.0038 

7.1489 

8.0685 

4.5533 

3.9777 

10.0875 

8.5626 

5.8093 

7.9613 

9.1985 

9.3821 

6.7715 

10.9598 

4.0038 

6.8732 

7.8918 

8.2865 

8.0572 

9.1820 

12.0832 

6.9664 

6.5914 

10.8008 

9.5347 

5.3891 

7.9009 

7.2318 

5.9767 

8.1128 

10.3900 

7.6558 

9.6985 

8.0508 

8.7620 

7.7678 

11.1681 

11.0408 

7.6863 

9.2403 

9.1401 

8.4312 

4.4482 

6.1082 

7.8470 

7.9685 

7.9363 

6.3671 

6.6646 

3.3024 

8.8822 

9.4914 

7.5698 

8.6099 

8.8368 

8.4594 

8.4776 

10.2839 

9.1183 

4.9590 

10.2147 

9.7242 

7.7871 

11.7521 

7.4697 

9.3464 

8.5238 

12.4346 

4.4466 

9.6230 

11.1427 

8.0847 

8.5623 

8.0160 

7.8521 

7.4853 

7.2585 

6.4093 

8.8961 

5.2777 

8.8792 

11.7273 

10.2853 

7.6839 

8.3518 

8.2515 

4.2692 

8.4797 

4.0205 

11.7144 

7.1317 

8.1518 

7.9397 

8.2448 

8.4177 

9.0575 

8.6681 

6.6942 

8.4827 

6.8501 

8.8748 

7.3503 

6.9602 

10.1976 

11.2051 

7.1275 

7.5832 

9.3828 

7.0691 

8.3970 

8.5781 

8.8461 

8.3020 

9.5634 

6.6350 

5.9122 

8.0241 

7.6899 

6.1825 

9.8496 

9.7641 

10.4818 

6.0901 

10.8678 

9.4974 

9.0580 

8.8006 

6.6535 

6.5071 

10.4518 

7.0168 

7.3852 

10.7440 

8.8362 

7.9322 

7.7280 

5.6319 

5.6932 

8.3539 

7.6427 

8.0464 

10.3071 

9.5880 

7.8030 

9.1324 

7.7404 

8.6171 

7.9902 

5.3482 

8.7103 

7.1828 

9.4107 

11.4671 

9.1330 

3.6153 

5.4486 

8.9079 

6.9773 

9.7127 

6.8143 

6.3753 

7.3594 

7.6589 

7.7241 

7.0199 

6.4613 

9.7156 

7.7387 

8.3544 

9.0239 

7.3886 

7.7220 

8.1777 

5.0859 

9.8377 

7.4289 

7.0362 

7.4822 

6.5592 

8.4733 

10.2897 

7.7717 

8.9903 

8.1263 

6.9187 

7.1519 

7.1678 

9.9873 

7.8433 

8.1394 

8.3538 

8.6957 

6.2223 

8.6573 

6.3649 

8.7004 

10.0421 

5.5967 

4.1598 

11.2724 

5.5794 

9.5852 

7.7175 

5.7025 

9.0404 

7.8200 

11.0270 

8.3889 

7.6032 

8.8552 

5.2616 

7.4072 

8.3620 

10.8526 

7.8703 

13.3258 

8.8905 

7.4899 

4.0620 

7.3393 

10.6948 

10.2859 

9.1205 

7.9392 

7.8737 

9.8218 

7.7855 

10.5251 

8.4042 

8.1261 

10.5557 

8.0182 

6.1249 

4.5962 

8.2652 

5.7581 

2.6824 

7.8789 

6.2344 

11.8867 

5.4264 

9.2456 

7.5028 

6.4589 

8.7325 

7.8977 

6.6068 

5.5174 

6.6223 

3.6405 

8.8560 

7.6106 

12.8623 

8.8267 

10.0182 

6.8854 

8.0257 

7.4947 

7.7268 

6.9482 

6.1478 

6.7241 

12.2845 

6.6232 

9.3450 

8.8947 

8.8789 

10.1345 

2.7144 

7.3624 

12.7011 

9.3559 

5.5771 

6.5134 

9.4719 

7.0473 

8.2599 

7.7627 

9.6510 

5.6006 

10.1179 

8.3076 

3.7077 

4.7495 

7.1576 

9.6890 

9.8019 

7.9952 

8.1757 

7.3431 

8.5048 

9.5088 

6.3424 

9.5609 

7.3481 

4.5209 

8.5437 

9.7582 

9.4228 

9.8342 

11.5075 

6.5880 

9.5256 

6.8860 

8.4915 

8.6240 

6.9923 

5.4494 

9.7506 

3.6419 

8.6993 

8.9045 

10.8803 

7.9810 

5.9947 

8.2754 

6.8404 

2.8226 

10.6452 

7.5427 

6.8301 

8.7035 

10.5228 

7.5455 

7.8172 

7.8281 

7.7375 

4.2485 

9.4888 

5.6571 

8.4385 

9.9434 

8.4504 

8.8239 

8.3038 

6.3016 

8.9099 

5.1340 

7.1690 

10.4951 

9.7045 

8.1748 

8.4339 

8.3678 

8.9690 

6.6461 

5.3580 

6.0384 

7.9293 

8.7654 

8.4925 

11.5981 

3.8361 

4.9052 

6.2423 

8.5292 

12.4724 

6.1561 

10.0897 

8.6254 

3.7490 

6.4913 

5.6001 

7.9945 

4.9880 

8.0912 

7.2851 

6.6898 

8.5173 

10.1524 

5.6332 

10.0532 

10.1587 

7.7923 

14.5721 

10.6720 

7.4566 

5.2417 

7.1937 

6.8237 

5.8730 

10.3939 

8.0228 

8.4072 

9.0245 

9.6693 

8.5827 

5.6842 

3.0278 

7.2726 

10.5966 

8.9288 

7.5589 

9.0532 

8.2115 

10.2698 

9.6608 

8.7716 

7.5018 

9.9510 

6.3016 

5.9304 

7.7444 

8.5269 

7.6943 

9.0087 

11.9960 

6.0072 

12.0573 

6.7190 

10.2558 

7.7704 

5.5909 

9.0443 

8.6292 

7.4182 

4.8640 

9.2447 

8.4868 

7.2581 

5.9877 

7.8583 

7.0241 

8.7371 

7.0232 

7.1891 

8.2186 

6.9838 

7.1833 

7.4744 

2.6230 

7.1051 

9.1722 

7.2736 

9.5288 

9.6869 

5.1519 

6.1899 

7.2520 

5.8616 

5.6523 

9.5426 

7.5021 

8.1154 

13.2989 

8.4514 

9.8918 

8.2584 

7.9390 

5.8166 

8.0486 

9.4327 

10.5461 

7.8693 

6.5320 

9.7858 

8.4732 

6.7097 

9.6658 

10.8259 

7.6115 

8.2303 

9.9538 

9.1072 

4.2064 

7.7563 

6.3271 

6.6344 

7.3642 

8.1423 

5.5350 

9.6096 

7.5625 

10.4605 

8.0365 

10.3013 

7.5398 

6.9531 

7.8002 

6.2527 

5.6272 

7.0568 

8.8215 

10.3432 

7.4737 

9.6573 

6.5875 

4.9030 

7.2196 

10.0465 

8.9635 

5.7002 

7.7818 

9.1616 

10.2194 

9.0889 

5.5522 

8.2779 

8.6630 

7.9787 

9.6297 

8.5622 

11.9505 

5.9061 

6.2720 

9.2376 

9.3535 

12.1687 

7.6251 

6.3967 

9.8796 

5.0859 

9.6295 

9.3747 

7.3869 

8.3723 

6.9109 

5.6009 

6.2239 

11.0955 

3.0808 

5.2004 

9.1256 

6.2862 

5.9396 

5.7581 

7.9457 

5.4428 

7.4410 

5.6359 

8.9645 

7.9793 

12.4552 

10.1665 

11.9163 

7.8244 

8.2926 

6.8247 

10.2077 

8.1477 

6.1740 

7.4207 

6.3478 

9.0662 

10.3185 

7.0891 

2.7986 

7.4008 

9.7941 

7.1482 

8.2769 

8.8674 

8.1955 

9.7376 

8.0768 

8.3610 

6.9990 

7.2931 

10.1455 

6.4135 

9.9687 

7.5141 

11.0525 

9.7259 

5.8177 

5.6315 

7.3916 

9.5546 

7.8434 

8.4718 

5.7760 

11.4204 

8.5912 

8.4397 

6.8064 

9.3498 

7.2746 

11.5774 

13.6559 

7.9494 

5.8834 

7.9751 

7.3560 

5.8948 

11.8636 

6.7593 

7.6306 

4.4908 

7.3551 

5.6271 

12.3039 

6.6532 

10.9231 

6.1540 

4.3402 

10.0673 

9.5714 

11.7729 

7.3931 

3.9812 

8.7747 

7.9654 

9.0789 

6.5529 

5.2724 

9.3971 

7.5951 

6.8107 

7.2060 

9.8184 

7.5976 

8.3612 

8.6129 

7.7706 

7.3449 

5.5149 

7.5262 

4.5324 

6.7140 

8.8335 

5.8415 

9.1436 

8.2420 

7.0169 

8.5482 

6.1226 

11.6775 

6.9603 

9.8692 

9.2295 

8.4360 

11.3432 

9.1331 

5.6889 

7.5751 

8.8946 

10.3320 

8.0975 

7.5316 

7.7916 

6.7486 

8.6133 

4.8656 

5.9351 

8.3318 

8.1624 

6.6326 

6.8298 

7.5183 

9.8260 

11.5170 

7.4872 

8.1607 

9.7322 

7.7126 

6.3716 

7.2160 

10.1591 

8.6840 

3.9196 

7.8908 

11.5419 

6.1302 

10.9146 

8.2232 

8.1955 

9.1248 

5.2771 

8.1039 

4.7289 

7.4482 

7.4100 

7.1005 

8.5648 

6.4989 

8.5968 

6.7207 

5.3366 

7.3356 

5.9722 

8.8461 

8.4301 

7.3953 

6.6582 

12.9671 

7.3595 

7.8396 

8.1431 

6.9668 

6.3235 

7.8299 

6.0416 

10.3565 

5.5266 

8.5406 

8.6501 

8.2382 

7.2142 

10.2157 

7.4297 

15.1918 

9.7205 

8.1164 

6.8049 

6.5208 

6.8683 

10.5441 

7.6120 

9.5959 

10.3253 

7.3813 

9.3171 

8.0749 

8.1534 

9.9378 

9.2910 

10.8901 

10.2740 

5.9238 

7.6806 

12.6695 

6.3133 

7.5145 

7.0722 

9.4326 

8.2606 

10.3748 

6.5030 

8.5828 

8.1931 

8.9434 

10.8775 

6.1409 

8.2284 

10.5059 

8.8196 

8.5650 

10.3152 

11.3985 

8.4421 

7.4152 

6.9910 

5.7467 

7.2890 

9.4894 

7.0431 

5.7797 

8.9924 

9.5318 

7.0699 

8.9525 

5.7458 

8.9042 

11.2165 

5.6770 

6.1804 

9.6006 

8.9509 

8.7523 

9.2080 

7.3407 

11.1478 

10.0847 

10.3171 

4.5861 

6.8187 

10.3305 

9.3589 

9.8473 

5.6180 

6.2869 

7.5961 

8.4852 

6.6255 

10.2765 

6.7894 

6.6587 

7.3922 

12.5834 

7.8477 

5.3926 

6.6842 

8.1368 

10.0693 

6.9338 

7.6980 

11.6277 

8.4705 

6.3917 

10.1385 

9.6591 

10.1750 

12.8694 

7.8804 

10.4812 

11.9777 

8.3591 

8.2997 

5.9804 

6.3678 

6.3980 

6.7160 

13.3516 

9.2369 

9.9418 

10.9220 

5.7527 

7.0236 

7.8124 

9.1014 

10.1329 

7.7358 

7.0193 

5.7462 

8.2188 

6.4320 

4.5655 

10.1082 

10.1317 

8.1213 

8.3333 

11.3035 

7.4100 

7.9014 

8.1042 

6.3824 

10.1526 

5.7413 

11.9391 

9.1531 

8.1047 

9.3093 

10.0680 

8.8673 

7.5306 

9.9285 

6.8266 

4.8170 

9.2701 

7.6707 

7.6655 

6.4364 

9.5937 

7.5641 

9.9709 

10.0803 

7.9410 

8.3036 

7.6978 

7.6948 

6.4189 

6.1090 

8.2491 

9.6726 

5.8134 

3.5628 

9.2287 

3.9444 

6.4278 

3.5205 

9.5425 

10.5712 

9.4950 

7.4249 

4.5631 

7.7755 

7.7581 

9.8155 

10.3555 

6.2508 

9.8871 

6.2302 

8.3260 

9.6103 

6.8402 

7.1016 

6.4933 

8.4707 

12.4999 

5.6222 

9.3170 

7.6111 

9.3028 

10.2674 

5.2730 

6.9015 

9.6208 

5.7031 

11.4621 

7.3213 

6.3676 

7.6848 

6.4334 

7.5884 

4.5248 

7.2968 

8.7939 

7.2110 

7.9119 

10.6432 

9.0512 

10.3161 

5.6778 

10.8458 

5.9263 

8.6162 

5.0669 

6.1777 

8.6708 

5.1602 

12.2872 

11.2058 

9.0064 

9.5570 

13.2623 

8.0819 

10.1860 

8.4077 

11.2952 

8.1449 

10.9351 

10.1912 

9.3374 

10.2794 

7.8689 

9.4156 

6.5037 

6.4839 

10.8785 

7.1808 

9.6315 

4.1397 

9.7631 

9.1959 

7.5025 

6.4847 

8.7413 

7.8141 

8.3083 

10.0206 

3.2855 

10.2668 

6.3951 

5.3268 

8.3085 

6.5027 

8.9519 

10.8239 

4.2306 

4.7287 

5.6089 

3.5496 

8.1782 

7.4039 

7.2862 

8.0055 

10.2436 

8.6058 

8.5539 

9.7676 

11.5086 

8.9141 

6.3929 

10.1818 

8.4480 

9.2840 

5.8931 

8.4143 

13.5609 

8.1953 

8.7002 

7.2581 

6.8127 

9.5044 

9.7949 

8.2844 

11.8875 

8.6540 

9.6466 

8.5608 

9.4770 

11.2863 

7.6082 

11.5520 

7.3209 

5.1249 

7.7650 

7.6281 

11.7187 

6.5642 

6.7164 

9.7297 

7.0875 

5.1104 

8.8827 

5.7878 

9.6323 

9.1723 

9.8697 

3.5776 

6.7489 

9.6720 

11.5558 

8.4090 

6.9738 

8.7340 

9.2534 

12.1276 

9.6787 

8.8774 

7.4696 

4.4064 

7.4070 

6.4010 

8.5466 

6.4405 

7.2363 

8.7192 

8.2902 

6.8587 

9.7758 

8.4049 

5.2151 

6.8335 

8.0808 

8.0274 

9.1573 

6.4001 

7.1644 

9.4574 

7.4389 

5.3234 

4.6146 

6.5700 

6.3830 

10.7370 

8.2215 

10.0616 

8.3422 

8.6465 

7.7885 

10.0267 

8.7259 

6.8997 

3.9193 

6.0410 

8.4289 

11.9482 

7.0038 

7.8296 

5.7593 

6.5631 

3.2259 

5.8217 

4.8056 

13.5569 

5.5142 

5.8043 

9.1652 

7.8905 

7.1681 

4.6161 

7.5908 

12.0806 

3.8942 

12.1096 

6.8051 

7.3245 

5.6763 

6.3078 

7.8085 

8.1854 

3.7785 

6.7257 

9.0260 

10.2178 

8.8843 

7.0571 

5.6687 

6.5727 

8.2814 

4.9441 

8.3680 

5.4976 

10.7116 

8.3017 

5.0867 

8.6484 

7.4937 

7.4717 

5.1616 

7.6767 

8.4731 

10.0371 

11.0949 

7.8084 

5.6172 

9.0317 

12.4605 

10.8614 

5.3101 

7.4668 

7.8282 

8.6038 

8.1742 

6.1370 

9.0482 

6.4228 

9.5942 

8.0704 

6.4764 

6.3033 

12.0971 

6.0028 

9.3667 

10.7102 

8.3791 

7.8540 

6.1688 

7.7199 

14.1745 

9.1100 

9.8140 

8.5915 

9.3413 

6.5155 

5.2793 

5.1365 

8.0811 

8.0554 

10.7413 

7.0340 

9.9773 

6.3196 

9.7480 

8.0113 

6.3912 

10.3224 

7.9627 

5.4116 

5.5781 

10.2226 

9.1033 

8.6904 

8.6991 

6.0793 

7.6222 

8.5299 

6.4572 

12.1834 

6.4797 

8.1061 

10.9575 

8.0752 

7.3233 

10.9708 

6.8854 

6.5589 

7.7306 

5.7909 

6.5698 

11.4587 

6.3479 

9.3770 

8.7284 

9.3070 

9.4492 

11.0335 

8.9457 

8.6553 

9.8117 

6.7624 

12.6399 

6.9981 

10.1290 

9.6446 

7.4962 

5.6228 

6.9664 

6.1387 

8.4950 

6.4672 

10.0086 

6.5572 

6.1225 

8.0569 

11.8543 

5.5203 

4.4994 

4.6799 

10.4614 

8.5934 

7.4284 

9.6856 

11.5942 

9.0953 

5.6433 

8.2768 

9.1929 

7.6757 

8.8874 

9.0016 

6.9425 

9.1160 

5.7646 

11.3938 

7.9924 

8.6341 

7.6817 

7.0964 

7.8637 

8.9108 

8.1310 

4.1918 

7.5004 

9.6535 

6.3603 

7.1852 

8.0581 

7.2106 

10.1334 

8.0538 

8.1582 

3.7838 

6.3207 

10.1380 

6.1979 

8.5813 

6.7097 

7.3571 

8.1622 

7.4638 

8.4850 

10.0298 

10.7334 

8.7144 

8.4141 

6.5998 

8.0320 

6.6521 

10.0002 

6.7619 

9.1186 

6.3112 

7.9952 

5.4731 

4.9256 

6.3481 

8.1331 

4.5362 

7.9507 

6.7869 

8.7697 

8.6003 

6.8769 

9.3217 

7.2613 

7.2432 

9.2286 

10.0331 

11.2343 

9.2564 

8.2775 

8.9434 

7.1376 

7.9277 

5.6615 

6.8850 

7.4859 

9.2425 

9.5842 

7.0454 

8.6084 

11.7662 

8.7775 

4.3878 

5.9874 

10.7499 

6.6978 

4.1861 

8.0572 

8.5949 

4.6053 

8.4649 

10.0793 

6.6471 

9.3170 

9.0267 

9.3551 

5.3557 

7.3353 

7.1990 

7.6721 

9.9179 

9.4029 

8.7906 

6.3776 

7.8907 

7.4007 

6.6541 

10.6946 

5.7321 

6.2768 

7.9963 

7.2114 

6.2632 

10.7731 

7.8208 

7.8710 

6.3327 

9.1515 

6.4411 

11.5718 

9.5155 

6.7609 

12.3980 

9.8194 

9.9424 

8.9214 

9.0978 

6.7547 

10.1222 

6.9492 

6.1470 

10.2438 

6.9413 

5.9497 

7.8202 

11.0201 

4.7002 

8.0927 

6.9661 

6.5943 

9.2454 

8.0435 

5.8517 

5.7562 

8.6600 

4.2174 

9.1025 

8.9752 

7.1057 

7.1655 

7.0010 

5.5995 

7.1313 

10.3595 

8.8338 

7.7766 

8.5503 

4.6346 

5.2933 

13.6559 

8.3178 

8.6339 

6.8229 

8.8354 

8.8399 

8.2985 

5.0352 

6.5751 

8.5172 

7.7109 

6.8745 

7.9814 

8.2391 

5.6217 

13.4529 

11.2609 

7.2014 

8.5049 

9.3727 

13.1011 

5.4985 

6.1306 

7.8333 

9.0114 

11.5811 

6.0319 

5.9822 

8.2095 

7.7448 

6.9789 

8.0027 

6.0786 

10.0992 

5.8203 

9.6041 

7.7213 

3.8937 

9.8068 

6.1337 

8.5958 

7.8393 

8.1246 

7.4880 

6.1104 

7.3071 

10.2162 

7.8826 

9.8953 

7.4231 

5.3959 

11.6332 

4.2308 

11.6515 

6.9977 

8.9284 

7.1214 

7.3490 

12.9449 

6.3918 

9.7224 

7.9881 

7.9422 

11.2966 

10.0108 

5.9332 

8.9180 

9.8671 

9.1094 

8.6865 

9.2845 

6.1894 

8.4943 

10.8649 

6.7392 

9.9806 

6.6678 

9.7782 

7.4449 

10.2637 

8.4397 

9.6001 

5.0092 

10.5713 

10.2121 

13.8100 

9.3337 

10.8329 

8.1695 

7.2650 

7.7521 

11.4743 

11.3569 

5.7971 

6.1428 

11.7221 

9.8903 

6.6669 

13.6213 

9.6128 

2.9688 

10.2429 

9.9093 

7.9196 

7.2327 

5.3042 

4.4193 

8.4618 

8.1470 

9.4241 

11.9272 

5.7482 

9.5525 

0.5565 

6.8094 

7.2863 

9.0393 

12.2737 

9.5990 

5.1521 

6.1404 

11.8934 

8.5601 

6.9134 

8.8248 

6.6141 

7.3277 

6.8312 

8.7143 

7.7838 

5.5803 

8.1568 

5.8707 

10.0196 

9.8812 

9.3098 

6.5240 

6.2298 

6.9309 

6.0503 

8.4405 

11.7848 

7.6058 

8.9515 

9.5670 

9.7578 

8.4501 

4.1829 

7.2680 

12.6526 

6.4409 

9.6289 

6.6600 

5.5057 

7.8396 

8.2536 

8.9805 

7.4226 

7.0376 

9.3183 

6.2109 

7.7089 

8.0980 

6.6372 

5.9278 

10.0853 

7.4888 

10.7929 

3.6591 

8.9263 

10.0025 

8.6969 

10.7873 

12.6531 

3.8352 

6.3983 

10.5812 

8.4220 

9.9354 

12.7240 

9.8179 

8.1623 

5.3692 

9.0193 

6.1618 

8.3305 

10.0921 

9.3490 

8.7336 

11.8432 

7.9101 

8.7523 

10.2362 

10.0105 

7.2452 

11.7715 

10.4119 

8.4010 

7.8889 

9.4353 

9.2643 

6.6485 

7.8185 

8.3204 

7.0283 

4.1341 

8.6989 

4.7605 

6.0946 

9.6775 

10.2719 

9.4005 

6.9637 

8.5875 

5.1466 

7.5780 

6.3727 

10.4535 

8.1906 

5.6204 

7.2596 

7.5981 

9.2577 

8.8252 

13.4411 

12.1217 

9.3029 

9.2173 

7.2336 

9.2982 

9.2932 

9.4398 

7.3900 

7.4019 

8.3645 

6.7993 

9.9654 

8.5095 

6.4823 

4.8050 

7.7335 

10.5597 

8.6501 

10.0727 

8.0669 

7.1627 

10.5511 

7.3643 

5.4804 

7.3491 

8.8807 

5.0998 

8.9052 

9.3376 

11.5231 

7.3146 

10.2539 

8.5752 

10.3431 

7.0397 

9.0462 

6.5658 

7.1138 

6.3649 

6.1355 

7.7982 

6.3655 

7.6556 

5.8903 

10.0264 

11.0828 

6.3363 

8.5000 

5.4115 

6.0904 

9.2944 

6.6066 

10.0811 

8.3047 

8.9653 

6.1312 

7.9497 

8.1524 

8.1891 

11.3077 

8.2954 

6.7274 

9.5894 

7.2539 

6.4521 

4.9279 

10.4903 

9.4478 

7.3020 

12.4027 

9.4947 

9.7309 

7.4774 

10.1157 

6.5676 

7.6714 

6.2918 

5.4443 

4.9333 

6.9833 

5.2935 

7.7456 

8.5219 

8.2082 

3.8692 

10.8829 

8.5921 

8.0388 

11.8764 

8.3699 

9.8462 

8.4339 

6.1584 

6.0618 

9.7067 

8.7969 

6.0222 

8.5053 

8.9171 

7.6572 

9.4650 

5.4341 

9.4075 

8.6067 

9.3076 

7.7625 

12.0677 

8.9324 

11.6137 

10.6501 

7.1560 

6.6744 

7.1455 

9.8783 

9.6323 

7.6754 

7.8648 

6.6183 

6.3244 

4.5148 

10.6673 

10.6819 

7.6337 

13.2236 

7.0442 

7.6238 

10.0881 

8.1806 

6.8513 

6.0746 

8.8890 

8.6811 

7.4829 

6.6054 

10.8132 

7.3826 

4.6539 

2.7007 

6.8657 

7.3958 

6.6762 

8.4854 

9.5640 

9.5959 

10.0873 

7.6814 

7.4549 

8.6104 

4.8813 

7.7671 

9.6188 

8.4450 

9.5769 

7.3534 

11.3391 

7.8499 

7.2594 

5.4474 

8.2297 

10.7384 

8.3694 

7.4483 

5.0796 

6.2883 

6.0269 

7.1688 

8.4183 

7.2511 

7.0121 

